1.3862943611198906
8.047189562170502
6.931471805599453
8.047189562170502
8.047189562170502
8.047189562170502
8.047189562170502
8.047189562170502
6.238324625039508
6.643789733147672
6.238324625039508
6.931471805599453
7.6246189861593985
8.030084094267563
7.6246189861593985
8.047189562170502
8.740336742730447
9.14580185083861
8.740336742730447
8.047189562170502
8.740336742730447
9.14580185083861
8.740336742730447
6.238324625039508
8.740336742730447
7.6246189861593985
8.740336742730447
8.740336742730447
8.740336742730447
8.740336742730447
8.740336742730447
6.931471805599453
9.14580185083861
11.448386943832656
1.3862943611198906
6.643789733147672
9.14580185083861
8.030084094267563
9.14580185083861
9.14580185083861
9.14580185083861
9.14580185083861
9.14580185083861
8.740336742730447
11.448386943832656
7.742402021815781
7.336936913707618
6.238324625039508
8.740336742730447
7.6246189861593985
8.740336742730447
8.740336742730447
8.740336742730447
8.740336742730447
8.740336742730447
1.3862943611198906
7.336936913707618
6.931471805599453
1.3862943611198906
6.931471805599453
5.493061443340549
6.931471805599453
6.931471805599453
6.931471805599453
6.931471805599453
6.931471805599453
5.0875963352323845
5.493061443340549
5.0875963352323845
5.493061443340549
6.1862086239004945
6.591673732008659
6.1862086239004945
6.931471805599453
7.6246189861593985
8.030084094267563
7.6246189861593985
6.931471805599453
7.6246189861593985
8.030084094267563
7.6246189861593985
5.0875963352323845
7.6246189861593985
6.1862086239004945
7.6246189861593985
7.6246189861593985
7.6246189861593985
7.6246189861593985
7.6246189861593985
5.78074351579233
8.030084094267563
10.109525635947398
1.3862943611198906
5.493061443340549
8.030084094267563
6.591673732008659
8.030084094267563
8.030084094267563
8.030084094267563
8.030084094267563
8.030084094267563
7.6246189861593985
10.109525635947398
6.591673732008658
6.1862086239004945
5.0875963352323845
7.6246189861593985
6.1862086239004945
7.6246189861593985
7.6246189861593985
7.6246189861593985
7.6246189861593985
7.6246189861593985
1.3862943611198906
6.1862086239004945
5.78074351579233
6.238324625039508
1.3862943611198906
6.238324625039508
1.3862943611198906
6.238324625039508
1.3862943611198906
6.238324625039508
1.3862943611198906
6.238324625039508
1.3862943611198906
6.238324625039508
1.3862943611198906
6.238324625039508
1.3862943611198906
