350
355
361
363
372
379
386
393
397
399
404
421
427
428
432
435
447
459
461
482
483
488
489
491
497
502
508
510
519
526
533
540
546
551
557
559
568
575
589
595
600
606
608
617
624
631
638
644
649
655
657
673
680
771
791
793
795
797
826
828
833
848
882
884
886
887
888
889
890
891
895
898
899
900
902
903
904
905
906
907
908
909
966
994
996
997
998
999
1000
1001
1010
1011
1012
1013
1014
1015
1016
1017
1018
1019
1020
1021
1081
1086
1088
1089
1090
1091
1092
1093
1094
1099
1100
1101
1102
1103
1104
1109
1111
1112
1113
1115
1116
1121
1123
1124
1125
1126
1127
1128
1133
1136
1137
