343
344
347
348
349
350
351
352
353
354
355
356
357
358
361
362
363
364
365
368
369
370
371
372
378
379
383
384
385
386
390
391
392
393
397
398
399
400
401
403
404
405
406
407
410
411
412
413
414
417
418
419
421
427
428
432
433
434
435
439
440
442
446
447
448
449
452
453
454
455
459
460
461
462
463
466
467
468
470
475
476
477
481
482
483
484
487
488
489
491
495
496
497
498
501
502
503
504
508
509
510
511
512
515
516
517
519
525
526
530
531
532
533
537
538
539
540
546
547
548
550
551
552
553
554
557
558
559
560
561
564
565
566
568
573
575
580
582
585
586
587
588
589
593
594
595
596
597
599
600
601
602
603
606
607
608
609
610
613
614
615
617
622
623
624
628
629
630
631
634
635
636
637
638
642
643
644
645
646
648
649
650
651
652
655
656
657
658
659
662
663
664
666
669
670
671
672
673
676
677
678
679
680
683
684
685
715
716
720
721
724
725
726
729
730
731
735
736
737
739
740
741
743
745
754
758
759
761
763
765
767
769
770
771
772
773
774
775
776
777
778
779
780
781
782
783
784
785
786
787
788
789
790
791
792
793
794
795
796
797
826
827
828
830
831
832
833
838
842
843
844
846
847
848
849
850
851
852
853
882
883
884
885
886
887
888
889
894
898
899
900
902
903
904
905
906
907
908
909
940
941
944
945
948
949
952
953
956
957
960
961
964
965
966
967
968
969
970
971
972
973
978
982
983
984
985
986
987
988
989
990
991
992
993
994
995
996
997
998
999
1000
1001
1004
1005
1008
1009
1010
1011
1012
1013
1014
1015
1016
1017
1018
1019
1020
1021
1080
1081
1082
1083
1084
1085
1086
1087
1088
1089
1090
1091
1092
1093
1094
1095
1096
1097
1098
1099
1100
1101
1102
1103
1104
1105
1106
1108
1109
1110
1111
1112
1113
1114
1115
1116
1117
1118
1120
1121
1122
1123
1124
1125
1126
1127
1128
1129
1130
1132
1133
1134
1135
1136
1137
