1.894473536233803301e+01
2.421070103026796616e+01
1.990588071641249002e+01
2.315227669829608814e+01
nan
nan
nan
2.131290970296876353e+01
2.657887537089869667e+01
2.227405505704322408e+01
2.552045103892681865e+01
nan
nan
nan
1.938844076701958130e+01
2.465440643494951800e+01
2.034958612109404186e+01
2.359598210297763643e+01
nan
nan
nan
2.025448537099688906e+01
2.552045103892681865e+01
2.121563072507134606e+01
2.446202670695494419e+01
nan
nan
nan
nan
nan
nan
nan
nan
nan
nan
nan
nan
nan
nan
nan
nan
nan
nan
nan
nan
nan
nan
nan
nan
2.131290970296876353e+01
2.657887537089869667e+01
2.227405505704322053e+01
2.552045103892681865e+01
nan
nan
nan
2.368108404359949404e+01
2.894704971152942719e+01
2.464222939767395459e+01
2.788862537955754917e+01
nan
nan
nan
2.175661510765031537e+01
2.702258077558024851e+01
2.271776046172477592e+01
2.596415644360837049e+01
nan
nan
nan
2.262265971162761957e+01
2.788862537955754917e+01
2.358380506570207658e+01
2.683020104758567470e+01
nan
nan
nan
nan
nan
nan
nan
nan
nan
nan
nan
nan
nan
nan
nan
nan
nan
nan
nan
nan
nan
nan
nan
nan
1.938844076701958485e+01
2.465440643494951800e+01
2.034958612109404186e+01
2.359598210297763998e+01
nan
nan
nan
2.175661510765031537e+01
2.702258077558024851e+01
2.271776046172477592e+01
2.596415644360837049e+01
nan
nan
nan
1.983214617170113669e+01
2.509811183963106984e+01
2.079329152577559725e+01
2.403968750765919182e+01
nan
nan
nan
2.069819077567844090e+01
2.596415644360837049e+01
2.165933612975289790e+01
2.490573211163649603e+01
nan
nan
nan
nan
nan
nan
nan
nan
nan
nan
nan
nan
nan
nan
nan
nan
nan
nan
nan
nan
nan
nan
nan
nan
2.025448537099688906e+01
2.552045103892682221e+01
2.121563072507134606e+01
2.446202670695494419e+01
nan
nan
nan
2.262265971162761957e+01
2.788862537955754917e+01
2.358380506570207658e+01
2.683020104758567470e+01
nan
nan
nan
2.069819077567843735e+01
2.596415644360837049e+01
2.165933612975289790e+01
2.490573211163649248e+01
nan
nan
nan
2.156423537965574155e+01
2.683020104758567470e+01
2.252538073373020211e+01
2.577177671561379668e+01
nan
nan
nan
nan
nan
nan
nan
nan
nan
nan
nan
nan
nan
nan
nan
nan
nan
nan
nan
nan
nan
nan
nan
nan
nan
nan
nan
nan
nan
nan
nan
nan
nan
nan
nan
nan
nan
nan
nan
nan
nan
nan
nan
nan
nan
nan
nan
nan
nan
nan
nan
nan
nan
nan
nan
nan
nan
nan
nan
nan
nan
nan
nan
nan
nan
nan
nan
nan
nan
nan
nan
nan
nan
nan
nan
nan
nan
nan
nan
nan
nan
nan
nan
nan
nan
nan
nan
nan
nan
nan
nan
nan
nan
nan
nan
nan
nan
nan
nan
nan
nan
nan
nan
nan
nan
nan
nan
nan
nan
nan
nan
nan
nan
nan
nan
nan
nan
nan
nan
nan
nan
nan
nan
nan
nan
nan
nan
nan
nan
nan
nan
nan
nan
nan
nan
nan
nan
nan
nan
nan
nan
nan
nan
nan
nan
nan
nan
nan
nan
nan
nan
nan
nan
nan
nan
nan
nan
nan
nan
nan
nan
nan
nan
nan
nan
nan
nan
nan
nan
nan
nan
1.894473536233803301e+01
2.421070103026796616e+01
1.990588071641249002e+01
2.315227669829608814e+01
nan
nan
nan
2.131290970296876353e+01
2.657887537089869667e+01
2.227405505704322408e+01
2.552045103892681865e+01
nan
nan
nan
1.938844076701958130e+01
2.465440643494951800e+01
2.034958612109404186e+01
2.359598210297763643e+01
nan
nan
nan
2.025448537099688906e+01
2.552045103892681865e+01
2.121563072507134606e+01
2.446202670695494419e+01
nan
nan
nan
nan
nan
nan
nan
nan
nan
nan
nan
nan
nan
nan
nan
nan
nan
nan
nan
nan
nan
nan
nan
nan
2.131290970296876353e+01
2.657887537089869667e+01
2.227405505704322053e+01
2.552045103892681865e+01
nan
nan
nan
2.368108404359949404e+01
2.894704971152942719e+01
2.464222939767395459e+01
2.788862537955754917e+01
nan
nan
nan
2.175661510765031537e+01
2.702258077558024851e+01
2.271776046172477592e+01
2.596415644360837049e+01
nan
nan
nan
2.262265971162761957e+01
2.788862537955754917e+01
2.358380506570207658e+01
2.683020104758567470e+01
nan
nan
nan
nan
nan
nan
nan
nan
nan
nan
nan
nan
nan
nan
nan
nan
nan
nan
nan
nan
nan
nan
nan
nan
1.938844076701958485e+01
2.465440643494951800e+01
2.034958612109404186e+01
2.359598210297763998e+01
nan
nan
nan
2.175661510765031537e+01
2.702258077558024851e+01
2.271776046172477592e+01
2.596415644360837049e+01
nan
nan
nan
1.983214617170113669e+01
2.509811183963106984e+01
2.079329152577559725e+01
2.403968750765919182e+01
nan
nan
nan
2.069819077567844090e+01
2.596415644360837049e+01
2.165933612975289790e+01
2.490573211163649603e+01
nan
nan
nan
nan
nan
nan
nan
nan
nan
nan
nan
nan
nan
nan
nan
nan
nan
nan
nan
nan
nan
nan
nan
nan
2.025448537099688906e+01
2.552045103892682221e+01
2.121563072507134606e+01
2.446202670695494419e+01
nan
nan
nan
2.262265971162761957e+01
2.788862537955754917e+01
2.358380506570207658e+01
2.683020104758567470e+01
nan
nan
nan
2.069819077567843735e+01
2.596415644360837049e+01
2.165933612975289790e+01
2.490573211163649248e+01
nan
nan
nan
2.156423537965574155e+01
2.683020104758567470e+01
2.252538073373020211e+01
2.577177671561379668e+01
nan
nan
nan
nan
nan
nan
nan
nan
nan
nan
nan
nan
nan
nan
nan
nan
nan
nan
nan
nan
nan
nan
nan
nan
nan
nan
nan
nan
nan
nan
nan
nan
nan
nan
nan
nan
nan
nan
nan
nan
nan
nan
nan
nan
nan
nan
nan
nan
nan
nan
nan
nan
nan
nan
nan
nan
nan
nan
nan
nan
nan
nan
nan
nan
nan
nan
nan
nan
nan
nan
nan
nan
nan
nan
nan
nan
nan
nan
nan
nan
nan
nan
nan
nan
nan
nan
nan
nan
nan
nan
nan
nan
nan
nan
nan
nan
nan
nan
nan
nan
nan
nan
nan
nan
nan
nan
nan
nan
nan
nan
nan
nan
nan
nan
nan
nan
nan
nan
nan
nan
nan
nan
nan
nan
nan
nan
nan
nan
nan
nan
nan
nan
nan
nan
nan
nan
nan
nan
nan
nan
nan
nan
nan
nan
nan
nan
nan
nan
nan
nan
nan
nan
nan
nan
nan
nan
nan
nan
nan
nan
nan
nan
nan
nan
nan
nan
nan
nan
nan
nan
nan
1.634731069681892990e+01
1.623056703574295767e+01
inf
1.869865205184740375e+01
1.992104001000155833e+01
1.389924587894343233e+01
inf
1.660730156784821787e+01
1.999743574668305612e+01
1.714119954081526842e+01
inf
1.460517805888211385e+01
2.086348035066036033e+01
1.643640759624480552e+01
inf
1.468615902546728336e+01
nan
nan
nan
nan
nan
nan
nan
nan
nan
nan
nan
nan
1.296507932726102297e+01
1.194438323360854071e+01
inf
1.036361284167876740e+01
1.653880864044365495e+01
9.613062076809015366e+00
inf
8.272262357679581513e+00
1.661520437712515275e+01
1.285501573868085146e+01
inf
6.270138848713481039e+00
1.748124898110245340e+01
1.215022379411038678e+01
inf
6.351119815298649662e+00
nan
nan
nan
nan
nan
nan
nan
nan
nan
nan
nan
nan
1.296507932726102297e+01
1.194438323360854071e+01
inf
1.036361284167876740e+01
1.653880864044365495e+01
9.613062076809015366e+00
inf
8.272262357679581513e+00
1.661520437712515275e+01
1.285501573868085146e+01
inf
6.270138848713481039e+00
1.748124898110245340e+01
1.215022379411038678e+01
inf
6.351119815298649662e+00
nan
nan
nan
nan
nan
nan
nan
nan
nan
nan
nan
nan
1.296507932726102297e+01
1.194438323360854071e+01
inf
1.036361284167876740e+01
1.653880864044365495e+01
9.613062076809015366e+00
inf
8.272262357679581513e+00
1.661520437712515275e+01
1.285501573868085146e+01
inf
6.270138848713481039e+00
1.748124898110245340e+01
1.215022379411038678e+01
inf
6.351119815298649662e+00
nan
nan
nan
nan
nan
nan
nan
nan
nan
nan
nan
nan
inf
inf
inf
inf
1.558988391497960535e+01
1.065692894430849691e+01
inf
1.234295884503405816e+01
1.240809490460797448e+01
6.602377955346323546e+00
inf
7.749018362810579319e+00
1.714650724656262781e+01
1.414716280480570454e+01
inf
1.404013768355578051e+01
nan
nan
nan
nan
nan
nan
nan
nan
nan
nan
nan
nan
inf
inf
inf
inf
1.558988391497960535e+01
1.065692894430849691e+01
inf
1.234295884503405816e+01
1.240809490460797448e+01
6.602377955346323546e+00
inf
7.749018362810579319e+00
1.714650724656262781e+01
1.414716280480570454e+01
inf
1.404013768355578051e+01
nan
nan
nan
nan
nan
nan
nan
nan
nan
nan
nan
nan
inf
inf
inf
inf
1.558988391497960535e+01
1.065692894430849691e+01
inf
1.234295884503405816e+01
1.240809490460797448e+01
6.602377955346323546e+00
inf
7.749018362810579319e+00
1.714650724656262781e+01
1.414716280480570454e+01
inf
1.404013768355578051e+01
nan
nan
nan
nan
nan
nan
nan
nan
nan
nan
nan
nan
inf
inf
inf
inf
1.558988391497960535e+01
1.065692894430849691e+01
inf
1.234295884503405816e+01
1.240809490460797448e+01
6.602377955346323546e+00
inf
7.749018362810579319e+00
1.714650724656262781e+01
1.414716280480570454e+01
inf
1.404013768355578051e+01
nan
nan
nan
nan
nan
nan
nan
nan
nan
nan
nan
nan
1.236343201406459080e+01
8.678603085278894014e+00
inf
9.086598841767520085e+00
1.769041213438785931e+01
2.094255531752801147e+01
inf
2.208838727916865707e+01
1.465414079561538507e+01
1.289994699842988979e+01
inf
1.350638946680923524e+01
2.018763743183830428e+01
2.123981614215753666e+01
inf
2.059259308182269876e+01
nan
nan
nan
nan
nan
nan
nan
nan
nan
nan
nan
nan
1.236343201406459080e+01
8.678603085278894014e+00
inf
9.086598841767520085e+00
1.769041213438785931e+01
2.094255531752801147e+01
inf
2.208838727916865707e+01
1.465414079561538507e+01
1.289994699842988979e+01
inf
1.350638946680923524e+01
2.018763743183830428e+01
2.123981614215753666e+01
inf
2.059259308182269876e+01
nan
nan
nan
nan
nan
nan
nan
nan
nan
nan
nan
nan
1.236343201406459080e+01
8.678603085278894014e+00
inf
9.086598841767520085e+00
1.769041213438785931e+01
2.094255531752801147e+01
inf
2.208838727916865707e+01
1.465414079561538507e+01
1.289994699842988979e+01
inf
1.350638946680923524e+01
2.018763743183830428e+01
2.123981614215753666e+01
inf
2.059259308182269876e+01
nan
nan
nan
nan
nan
nan
nan
nan
nan
nan
nan
nan
1.236343201406459080e+01
8.678603085278894014e+00
inf
9.086598841767520085e+00
1.769041213438785931e+01
2.094255531752801147e+01
inf
2.208838727916865707e+01
1.465414079561538507e+01
1.289994699842988979e+01
inf
1.350638946680923524e+01
2.018763743183830428e+01
2.123981614215753666e+01
inf
2.059259308182269876e+01
nan
nan
nan
nan
nan
nan
nan
nan
nan
nan
nan
nan
1.029685857569245755e+01
1.721777679796979754e+01
2.615566924198937926e+01
1.800139640825777576e+01
2.223636510909406638e+01
nan
nan
nan
1.359869320552147975e+01
1.129610262472485793e+01
1.089063751661669421e+01
1.952258590397523363e+01
2.292378877343996280e+01
2.062119819264334453e+01
2.021573308453517726e+01
1.759811696802605496e+01
2.099931983749078412e+01
1.869672925669416585e+01
1.829126414858599858e+01
1.846416157200335562e+01
2.186536444146808833e+01
1.956277386067146651e+01
1.915730875256329924e+01
1.359869320552147975e+01
1.761337379357411237e+01
2.641513713456878421e+01
1.772147480757586635e+01
2.070277797969798428e+01
nan
nan
nan
1.429184038608142515e+01
nan
2.297271979056660385e+01
1.029685857569245755e+01
1.129610262472485793e+01
1.831638908663790843e+01
2.725428153065749015e+01
1.910000869692588665e+01
2.333497739776217728e+01
nan
nan
nan
nan
2.597409000927058287e+01
1.239471491339296882e+01
1.198924980528480333e+01
1.089063751661669421e+01
1.791092397852974116e+01
2.684881642254932288e+01
1.869454358881771938e+01
2.292951228965401000e+01
nan
nan
nan
1.029685857569245755e+01
1.198924980528480333e+01
1.158378469717663961e+01
1.029685857569245755e+01
1.721777679796979754e+01
2.615566924198937926e+01
1.800139640825777576e+01
2.223636510909406638e+01
nan
nan
nan
1.359869320552147975e+01
1.129610262472485793e+01
1.089063751661669421e+01
1.952258590397523363e+01
2.292378877343996280e+01
2.062119819264334453e+01
2.021573308453517726e+01
1.759811696802605496e+01
2.099931983749078412e+01
1.869672925669416585e+01
1.829126414858599858e+01
1.846416157200335562e+01
2.186536444146808833e+01
1.956277386067146651e+01
1.915730875256329924e+01
1.359869320552147975e+01
1.761337379357411237e+01
2.641513713456878421e+01
1.772147480757586635e+01
2.070277797969798428e+01
nan
nan
nan
1.429184038608142515e+01
nan
2.297271979056660385e+01
1.029685857569245755e+01
1.129610262472485793e+01
1.831638908663790843e+01
2.725428153065749015e+01
1.910000869692588665e+01
2.333497739776217728e+01
nan
nan
nan
nan
2.597409000927058287e+01
1.239471491339296882e+01
1.198924980528480333e+01
1.089063751661669421e+01
1.791092397852974116e+01
2.684881642254932288e+01
1.869454358881771938e+01
2.292951228965401000e+01
nan
nan
nan
1.029685857569245755e+01
1.198924980528480333e+01
1.158378469717663961e+01
1.209728831249095116e+01
8.310954726189422104e+00
8.130518290650249114e+00
1.067912906682015262e+01
1.300792081756326191e+01
8.754660130870973944e+00
1.013507969327985769e+01
9.620704734848278150e+00
nan
nan
nan
nan
nan
nan
