4.249393215835261195e+00
1.050913178865330266e+01
5.985104183163046265e+00
9.447745975714347821e+00
9.989721605687300610e+00
4.249393215835261195e+00
4.249393215835261195e+00
1.519240179006447633e+01
1.249131549647319339e+01
4.249393215835261195e+00
2.008264674709815623e+01
1.381529144683750943e+01
9.136282587902247343e+00
9.136282587902247343e+00
1.185392450937834852e+01
4.249393215835261195e+00
1.485609183706275083e+01
1.831873362961405149e+01
1.237446241485253751e+01
1.185392450937834852e+01
1.185392450937834852e+01
1.109836897930636646e+01
1.862456391248102605e+01
1.410053630699077054e+01
1.756317809954207121e+01
1.810515372951502400e+01
1.109836897930636646e+01
1.109836897930636646e+01
9.989721605687300610e+00
7.418817172558628492e+00
7.768618920213140377e+00
9.093074485910930704e+00
4.249393215835261195e+00
4.249393215835261195e+00
4.249393215835261195e+00
4.249393215835261195e+00
7.418817172558628492e+00
7.768618920213140377e+00
9.093074485910930704e+00
4.249393215835261195e+00
4.249393215835261195e+00
4.249393215835261195e+00
4.249393215835261195e+00
7.418817172558628492e+00
7.768618920213140377e+00
9.093074485910930704e+00
4.249393215835261195e+00
4.249393215835261195e+00
4.249393215835261195e+00
1.050913178865330266e+01
1.922603520935131272e+01
1.736426961190278462e+01
1.871499413663903510e+01
1.251442628204873841e+01
1.251442628204873841e+01
1.251442628204873841e+01
2.204591570861883199e+01
2.957211064179349336e+01
1.050913178865330266e+01
2.851072482885453496e+01
2.905270045882749130e+01
2.204591570861883199e+01
2.204591570861883199e+01
4.249393215835261195e+00
1.050913178865330266e+01
5.985104183163046265e+00
9.447745975714347821e+00
9.989721605687300610e+00
4.249393215835261195e+00
4.249393215835261195e+00
2.098452989567987714e+01
2.851072482885453496e+01
2.398669722336428123e+01
2.744933901591558012e+01
2.799131464588853291e+01
2.098452989567987714e+01
2.098452989567987714e+01
1.251442628204873841e+01
1.922603520935131272e+01
2.452867285333723402e+01
2.799131464588853646e+01
1.251442628204873841e+01
1.251442628204873841e+01
1.050913178865330266e+01
1.251442628204873841e+01
1.922603520935131272e+01
1.736426961190278462e+01
1.871499413663903510e+01
1.251442628204873841e+01
1.251442628204873841e+01
1.251442628204873841e+01
1.251442628204873841e+01
1.922603520935131272e+01
1.736426961190278462e+01
1.871499413663903510e+01
1.050913178865330266e+01
1.251442628204873841e+01
1.251442628204873841e+01
5.985104183163046265e+00
4.898539051198904204e+00
1.544348311951758035e+01
1.679420764425383084e+01
7.905896950642257615e+00
1.059363978966353415e+01
1.059363978966353415e+01
4.249393215835261195e+00
1.050913178865330266e+01
5.985104183163046265e+00
9.447745975714347821e+00
9.989721605687300610e+00
4.249393215835261195e+00
4.249393215835261195e+00
1.820434272384842700e+01
5.985104183163046265e+00
2.120651005153283108e+01
2.466915184408412998e+01
2.521112747405708276e+01
1.820434272384842700e+01
1.820434272384842700e+01
1.906374340329467287e+01
2.658993833646933069e+01
2.206591073097907696e+01
2.552855252353037940e+01
2.607052815350332864e+01
1.906374340329467287e+01
1.906374340329467287e+01
7.905896950642257615e+00
4.898539051198904204e+00
2.260788636095202975e+01
2.607052815350333219e+01
7.905896950642257615e+00
1.059363978966353415e+01
5.985104183163046265e+00
1.059363978966353415e+01
4.898539051198904204e+00
1.544348311951758035e+01
1.679420764425383084e+01
1.059363978966353415e+01
1.059363978966353415e+01
1.059363978966353415e+01
1.059363978966353415e+01
4.898539051198904204e+00
1.544348311951758035e+01
1.679420764425383084e+01
5.985104183163046265e+00
1.059363978966353415e+01
1.059363978966353415e+01
9.447745975714347821e+00
1.816464939641235787e+01
1.630288379896382978e+01
1.765360832370008026e+01
1.145304046910978357e+01
1.145304046910978357e+01
1.145304046910978357e+01
2.098452989567987714e+01
2.851072482885453496e+01
9.447745975714347821e+00
2.744933901591558367e+01
2.799131464588853291e+01
2.098452989567987714e+01
2.098452989567987714e+01
1.906374340329467287e+01
9.447745975714347821e+00
2.206591073097907696e+01
2.552855252353037940e+01
2.607052815350333219e+01
1.906374340329467287e+01
1.906374340329467287e+01
1.992314408274092230e+01
2.744933901591558012e+01
2.292531141042532639e+01
2.638795320297662528e+01
2.692992883294957807e+01
1.992314408274092230e+01
1.992314408274092230e+01
1.145304046910978357e+01
1.816464939641235787e+01
2.346728704039827917e+01
2.692992883294957807e+01
1.145304046910978357e+01
1.145304046910978357e+01
9.447745975714347821e+00
1.145304046910978357e+01
1.816464939641235787e+01
1.630288379896382978e+01
1.765360832370008026e+01
1.145304046910978357e+01
1.145304046910978357e+01
1.145304046910978357e+01
1.145304046910978357e+01
1.816464939641235787e+01
1.630288379896382978e+01
1.765360832370008026e+01
9.447745975714347821e+00
1.145304046910978357e+01
1.145304046910978357e+01
9.989721605687300610e+00
7.418817172558628492e+00
7.768618920213140377e+00
9.093074485910930704e+00
4.249393215835261195e+00
4.249393215835261195e+00
4.249393215835261195e+00
1.519240179006447633e+01
1.249131549647319339e+01
9.989721605687300610e+00
2.008264674709815623e+01
1.381529144683750943e+01
9.136282587902247343e+00
9.136282587902247343e+00
1.960571903326762566e+01
9.989721605687300610e+00
2.260788636095202975e+01
2.607052815350333219e+01
2.661250378347628498e+01
1.960571903326762566e+01
1.960571903326762566e+01
2.046511971271387509e+01
2.799131464588853291e+01
2.346728704039827917e+01
2.692992883294957807e+01
2.747190446292253085e+01
2.046511971271387509e+01
2.046511971271387509e+01
4.249393215835261195e+00
7.418817172558628492e+00
7.768618920213140377e+00
9.093074485910930704e+00
4.249393215835261195e+00
4.249393215835261195e+00
9.989721605687300610e+00
4.249393215835261195e+00
7.418817172558628492e+00
7.768618920213140377e+00
9.093074485910930704e+00
4.249393215835261195e+00
4.249393215835261195e+00
4.249393215835261195e+00
4.249393215835261195e+00
1.050913178865330266e+01
5.985104183163046265e+00
9.447745975714347821e+00
9.989721605687300610e+00
4.249393215835261195e+00
4.249393215835261195e+00
4.249393215835261195e+00
7.418817172558628492e+00
7.768618920213140377e+00
9.093074485910930704e+00
4.249393215835261195e+00
4.249393215835261195e+00
4.249393215835261195e+00
1.519240179006447633e+01
1.249131549647319339e+01
4.249393215835261195e+00
2.008264674709815623e+01
1.381529144683750943e+01
9.136282587902247343e+00
9.136282587902247343e+00
1.185392450937834852e+01
4.249393215835261195e+00
1.485609183706275083e+01
1.831873362961405149e+01
1.886070925958700784e+01
1.185392450937834852e+01
1.185392450937834852e+01
1.109836897930636646e+01
1.862456391248102605e+01
1.410053630699077054e+01
1.756317809954207121e+01
1.810515372951502400e+01
1.109836897930636646e+01
1.109836897930636646e+01
4.249393215835261195e+00
7.418817172558628492e+00
7.768618920213140377e+00
9.093074485910930704e+00
4.249393215835261195e+00
4.249393215835261195e+00
4.249393215835261195e+00
4.249393215835261195e+00
7.418817172558628492e+00
7.768618920213140377e+00
9.093074485910930704e+00
4.249393215835261195e+00
4.249393215835261195e+00
4.249393215835261195e+00
4.249393215835261195e+00
7.418817172558628492e+00
7.768618920213140377e+00
9.093074485910930704e+00
4.249393215835261195e+00
4.249393215835261195e+00
4.249393215835261195e+00
4.249393215835261195e+00
7.418817172558628492e+00
7.768618920213140377e+00
9.093074485910930704e+00
4.249393215835261195e+00
4.249393215835261195e+00
4.249393215835261195e+00
1.519240179006447633e+01
1.249131549647319339e+01
4.249393215835261195e+00
2.008264674709815623e+01
1.381529144683750943e+01
9.136282587902247343e+00
9.136282587902247343e+00
1.185392450937834852e+01
4.249393215835261195e+00
1.485609183706275083e+01
1.831873362961405149e+01
1.886070925958700784e+01
1.185392450937834852e+01
1.185392450937834852e+01
1.109836897930636646e+01
1.862456391248102605e+01
1.410053630699077054e+01
1.756317809954207121e+01
1.810515372951502400e+01
1.109836897930636646e+01
1.109836897930636646e+01
4.249393215835261195e+00
1.050913178865330266e+01
5.985104183163046265e+00
9.447745975714347821e+00
9.989721605687300610e+00
4.249393215835261195e+00
4.249393215835261195e+00
4.249393215835261195e+00
7.418817172558628492e+00
7.768618920213140377e+00
9.093074485910930704e+00
4.249393215835261195e+00
4.249393215835261195e+00
4.249393215835261195e+00
4.249393215835261195e+00
7.418817172558628492e+00
7.768618920213140377e+00
9.093074485910930704e+00
4.249393215835261195e+00
4.249393215835261195e+00
4.249393215835261195e+00
4.249393215835261195e+00
1.050913178865330266e+01
5.985104183163046265e+00
9.447745975714347821e+00
9.989721605687300610e+00
4.249393215835260307e+00
4.249393215835260307e+00
1.519240179006446922e+01
1.249131549647319339e+01
4.249393215835260307e+00
2.008264674709820241e+01
1.381529144683754851e+01
9.136282587902245567e+00
9.136282587902245567e+00
1.185392450937835207e+01
4.249393215835260307e+00
1.485609183706275083e+01
1.831873362961405860e+01
1.237446241485253751e+01
1.185392450937835207e+01
1.185392450937835207e+01
1.109836897930636823e+01
1.862456391248108645e+01
1.410053630699076876e+01
1.756317809954207476e+01
1.810515372951507729e+01
1.109836897930636823e+01
1.109836897930636823e+01
9.989721605687353900e+00
7.418817172558625828e+00
7.768618920213138601e+00
9.093074485910932481e+00
4.249393215835260307e+00
4.249393215835260307e+00
4.249393215835260307e+00
4.249393215835260307e+00
7.418817172558625828e+00
7.768618920213138601e+00
9.093074485910932481e+00
4.249393215835260307e+00
4.249393215835260307e+00
4.249393215835260307e+00
4.249393215835260307e+00
7.418817172558625828e+00
7.768618920213138601e+00
9.093074485910932481e+00
4.249393215835260307e+00
4.249393215835260307e+00
4.249393215835260307e+00
1.050913178865336128e+01
1.922603520935136956e+01
1.736426961190284146e+01
1.871499413663909550e+01
1.251442628204879703e+01
1.251442628204879703e+01
1.251442628204879703e+01
2.204591570861895278e+01
2.957211064179367099e+01
1.050913178865336128e+01
2.851072482885465931e+01
2.905270045882766183e+01
2.204591570861895278e+01
2.204591570861895278e+01
4.249393215835260307e+00
1.050913178865336128e+01
5.985104183163045377e+00
9.447745975714349598e+00
9.989721605687353900e+00
4.249393215835260307e+00
4.249393215835260307e+00
2.098452989567994109e+01
2.851072482885465931e+01
2.398669722336434162e+01
2.744933901591564762e+01
2.799131464588865015e+01
2.098452989567994109e+01
2.098452989567994109e+01
1.251442628204879703e+01
1.922603520935136956e+01
2.452867285333734415e+01
2.799131464588865370e+01
1.251442628204879703e+01
1.251442628204879703e+01
1.050913178865336128e+01
1.251442628204879703e+01
1.922603520935136956e+01
1.736426961190284146e+01
1.871499413663909550e+01
1.251442628204879703e+01
1.251442628204879703e+01
1.251442628204879703e+01
1.251442628204879703e+01
1.922603520935136956e+01
1.736426961190284146e+01
1.871499413663909550e+01
1.050913178865336128e+01
1.251442628204879703e+01
1.251442628204879703e+01
5.985104183163045377e+00
4.898539051198905092e+00
1.544348311951758745e+01
1.679420764425384149e+01
7.905896950642258503e+00
1.059363978966354303e+01
1.059363978966354303e+01
2.012512921623369877e+01
1.050913178865336128e+01
5.985104183163045377e+00
9.447745975714349598e+00
9.989721605687353900e+00
4.249393215835260307e+00
4.249393215835260307e+00
1.820434272384844121e+01
5.985104183163045377e+00
2.120651005153284174e+01
2.466915184408415129e+01
2.521112747405715382e+01
1.820434272384844121e+01
1.820434272384844121e+01
1.906374340329468708e+01
2.658993833646940530e+01
2.206591073097908762e+01
2.552855252353039361e+01
2.607052815350339614e+01
1.906374340329468708e+01
1.906374340329468708e+01
7.905896950642258503e+00
4.898539051198905092e+00
2.260788636095209014e+01
2.607052815350339969e+01
7.905896950642258503e+00
1.059363978966354303e+01
5.985104183163045377e+00
1.059363978966354303e+01
4.898539051198905092e+00
1.544348311951758745e+01
1.679420764425384149e+01
1.059363978966354303e+01
1.059363978966354303e+01
1.059363978966354303e+01
1.059363978966354303e+01
4.898539051198905092e+00
1.544348311951758745e+01
1.679420764425384149e+01
5.985104183163045377e+00
1.059363978966354303e+01
1.059363978966354303e+01
9.447745975714349598e+00
1.816464939641235787e+01
1.630288379896382978e+01
1.765360832370008382e+01
1.145304046910978535e+01
1.145304046910978535e+01
1.145304046910978535e+01
2.098452989567994109e+01
2.851072482885465931e+01
9.447745975714349598e+00
2.744933901591564762e+01
2.799131464588865015e+01
2.098452989567994109e+01
2.098452989567994109e+01
1.906374340329468353e+01
9.447745975714349598e+00
2.206591073097908406e+01
2.552855252353039006e+01
2.607052815350339259e+01
1.906374340329468353e+01
1.906374340329468353e+01
1.992314408274092941e+01
2.744933901591564762e+01
2.292531141042532639e+01
2.638795320297663594e+01
2.692992883294963846e+01
1.992314408274092941e+01
1.992314408274092941e+01
1.145304046910978535e+01
1.816464939641235787e+01
2.346728704039833246e+01
2.692992883294963846e+01
1.145304046910978535e+01
1.145304046910978535e+01
9.447745975714349598e+00
1.145304046910978535e+01
1.816464939641235787e+01
1.630288379896382978e+01
1.765360832370008382e+01
1.145304046910978535e+01
1.145304046910978535e+01
1.145304046910978535e+01
1.145304046910978535e+01
1.816464939641235787e+01
1.630288379896382978e+01
1.765360832370008382e+01
9.447745975714349598e+00
1.145304046910978535e+01
1.145304046910978535e+01
9.989721605687353900e+00
7.418817172558625828e+00
7.768618920213138601e+00
9.093074485910932481e+00
4.249393215835260307e+00
8.376275411051130604e+00
4.249393215835260307e+00
2.152650552565294362e+01
1.249131549647319339e+01
9.989721605687353900e+00
2.008264674709820241e+01
1.381529144683754851e+01
9.136282587902245567e+00
9.136282587902245567e+00
1.960571903326768961e+01
9.989721605687353900e+00
2.260788636095209014e+01
2.607052815350339969e+01
2.661250378347639867e+01
1.960571903326768961e+01
1.960571903326768961e+01
2.046511971271393193e+01
2.799131464588865015e+01
2.346728704039832891e+01
2.692992883294963846e+01
2.747190446292264099e+01
2.046511971271393193e+01
2.046511971271393193e+01
4.249393215835260307e+00
7.418817172558625828e+00
7.768618920213138601e+00
9.093074485910932481e+00
4.249393215835260307e+00
4.249393215835260307e+00
9.989721605687353900e+00
8.376275411051130604e+00
7.418817172558625828e+00
1.464531937507445392e+01
9.093074485910932481e+00
4.249393215835260307e+00
4.249393215835260307e+00
4.249393215835260307e+00
4.249393215835260307e+00
1.050913178865336128e+01
1.464531937507445392e+01
9.447745975714349598e+00
9.989721605687353900e+00
4.249393215835260307e+00
4.249393215835260307e+00
4.249393215835260307e+00
7.418817172558625828e+00
7.768618920213138601e+00
9.093074485910932481e+00
4.249393215835260307e+00
4.249393215835260307e+00
4.249393215835260307e+00
1.519240179006446922e+01
1.249131549647319339e+01
4.249393215835260307e+00
2.008264674709820241e+01
1.381529144683754851e+01
9.136282587902245567e+00
9.136282587902245567e+00
1.185392450937835207e+01
4.249393215835260307e+00
1.485609183706275083e+01
1.831873362961405860e+01
1.886070925958706113e+01
1.185392450937835207e+01
1.185392450937835207e+01
1.109836897930636823e+01
1.862456391248108645e+01
1.410053630699076876e+01
1.756317809954207476e+01
1.810515372951507729e+01
1.109836897930636823e+01
1.109836897930636823e+01
4.249393215835260307e+00
7.418817172558625828e+00
7.768618920213138601e+00
9.093074485910932481e+00
4.249393215835260307e+00
4.249393215835260307e+00
4.249393215835260307e+00
4.249393215835260307e+00
7.418817172558625828e+00
7.768618920213138601e+00
9.093074485910932481e+00
4.249393215835260307e+00
4.249393215835260307e+00
4.249393215835260307e+00
4.249393215835260307e+00
7.418817172558625828e+00
7.768618920213138601e+00
9.093074485910932481e+00
4.249393215835260307e+00
4.249393215835260307e+00
4.249393215835260307e+00
4.249393215835260307e+00
7.418817172558625828e+00
7.768618920213138601e+00
9.093074485910932481e+00
4.249393215835260307e+00
4.249393215835260307e+00
4.249393215835260307e+00
1.519240179006446922e+01
1.249131549647319339e+01
4.249393215835260307e+00
2.008264674709820241e+01
1.381529144683754851e+01
9.136282587902245567e+00
9.136282587902245567e+00
1.185392450937835207e+01
4.249393215835260307e+00
1.485609183706275083e+01
1.831873362961405860e+01
1.886070925958706113e+01
1.185392450937835207e+01
1.185392450937835207e+01
1.109836897930636823e+01
1.862456391248108645e+01
1.410053630699076876e+01
1.756317809954207476e+01
1.810515372951507729e+01
1.109836897930636823e+01
1.109836897930636823e+01
4.249393215835260307e+00
1.050913178865336128e+01
5.985104183163045377e+00
9.447745975714349598e+00
9.989721605687353900e+00
4.249393215835260307e+00
4.249393215835260307e+00
4.249393215835260307e+00
7.418817172558625828e+00
7.768618920213138601e+00
9.093074485910932481e+00
4.249393215835260307e+00
4.249393215835260307e+00
4.249393215835260307e+00
4.249393215835260307e+00
7.418817172558625828e+00
7.768618920213138601e+00
9.093074485910932481e+00
4.249393215835260307e+00
4.249393215835260307e+00
4.249393215835260307e+00
9.080460102193788074e+00
4.249393215835260307e+00
nan
2.673836175443993657e+00
7.418817172558625828e+00
1.251442628204879703e+01
2.673836175443993657e+00
2.673836175443993657e+00
1.068530931683780238e+01
1.059363978966354303e+01
nan
2.673836175443993657e+00
9.360237308251623034e+00
1.145304046910978535e+01
2.673836175443993657e+00
2.673836175443993657e+00
1.229986861130824138e+01
1.955284724166414190e+00
2.673836175443993657e+00
2.673836175443993657e+00
6.035383621800596288e+00
4.249393215835260307e+00
2.673836175443993657e+00
2.673836175443993657e+00
6.035383621800596288e+00
4.249393215835260307e+00
2.673836175443993657e+00
2.673836175443993657e+00
1.001995572644652377e+01
1.081656085496481623e+01
9.794565335488645275e+00
4.987523092065070607e+00
1.672221039101475881e+01
9.403581903345312298e+00
1.715937424876705109e+01
8.241755771146197063e+00
1.690185894030186731e+01
1.274998044255881879e+01
1.674920877066440994e+01
6.254412236386595936e+00
1.776125961974810963e+01
1.204116266990054740e+01
1.760860945011064871e+01
6.326801185112961079e+00
1.558136542029056315e+01
1.515811391562348120e+01
1.611240933160598843e+01
1.556769306752949333e+01
1.001995572644652377e+01
5.904924575907573470e+00
9.794565335488645275e+00
5.904924575907573470e+00
1.001995572644652377e+01
5.904924575907573470e+00
9.794565335488645275e+00
5.904924575907573470e+00
1.001995572644652377e+01
1.081656085496481623e+01
1.426371265781836151e+01
4.987523092065070607e+00
1.672221039101475881e+01
9.403581903345312298e+00
1.715937424876705109e+01
8.241755771146197063e+00
1.690185894030186731e+01
1.274998044255881879e+01
1.674920877066440994e+01
6.254412236386595936e+00
1.776125961974810963e+01
1.204116266990054740e+01
2.417331589541392134e+01
6.326801185112961079e+00
1.558136542029056315e+01
1.515811391562348120e+01
1.611240933160598843e+01
1.402488330348822920e+01
1.001995572644652377e+01
5.904924575907573470e+00
9.794565335488645275e+00
5.904924575907573470e+00
1.001995572644652377e+01
5.904924575907573470e+00
9.794565335488645275e+00
5.904924575907573470e+00
1.001995572644652377e+01
1.081656085496481623e+01
9.794565335488645275e+00
4.987523092065070607e+00
1.672221039101475881e+01
9.403581903345312298e+00
1.715937424876705109e+01
8.241755771146197063e+00
1.690185894030186731e+01
1.274998044255881879e+01
1.674920877066440994e+01
6.254412236386595936e+00
1.776125961974810963e+01
1.204116266990054740e+01
1.760860945011064871e+01
6.326801185112961079e+00
1.558136542029056315e+01
1.379323081971750398e+01
1.611240933160598843e+01
1.241461950826625760e+01
1.001995572644652377e+01
5.904924575907573470e+00
9.794565335488645275e+00
5.904924575907573470e+00
1.001995572644652377e+01
5.904924575907573470e+00
9.794565335488645275e+00
5.904924575907573470e+00
1.041287311275218386e+01
2.673836175443993657e+00
1.444946379890465593e+01
4.249393215835260307e+00
1.589882245059630606e+01
1.081805481768874699e+01
1.498816650078600610e+01
1.069398124800353855e+01
1.254821706171255080e+01
6.603716923052028065e+00
1.454861878725376911e+01
7.754021474619602117e+00
1.728881889721156284e+01
1.440990799354388585e+01
2.142563906276416930e+01
1.418983904354286629e+01
1.350267848862426412e+01
4.249393215835260307e+00
1.866814877505380821e+01
9.989721605687353900e+00
1.041287311275218386e+01
4.249393215835260307e+00
1.192858007891850392e+01
4.249393215835260307e+00
7.806728206450930685e+00
4.249393215835260307e+00
1.085982546050077069e+01
4.249393215835260307e+00
1.041287311275218386e+01
4.987523092065070607e+00
1.444946379890465593e+01
4.123862953712892576e+00
1.589882245059630606e+01
1.081805481768874699e+01
1.498816650078600610e+01
1.069398124800353855e+01
1.254821706171255080e+01
6.603716923052028065e+00
1.454861878725376911e+01
7.754021474619602117e+00
1.728881889721156284e+01
1.440990799354388585e+01
2.142563906276416930e+01
1.418983904354286629e+01
1.350267848862426412e+01
9.178090734453636657e+00
1.866814877505380821e+01
5.340701613313663998e+00
1.041287311275218386e+01
5.340701613313663998e+00
1.192858007891850392e+01
5.340701613313663998e+00
1.041287311275218386e+01
5.340701613313663998e+00
1.192858007891850392e+01
5.340701613313663998e+00
1.041287311275218386e+01
4.987523092065070607e+00
1.444946379890465593e+01
4.123862953712892576e+00
1.589882245059630606e+01
1.081805481768874699e+01
1.498816650078600610e+01
1.069398124800353855e+01
1.254821706171255080e+01
6.603716923052028065e+00
1.454861878725376911e+01
7.754021474619602117e+00
1.728881889721156284e+01
1.440990799354388585e+01
2.142563906276416930e+01
1.418983904354286629e+01
1.350267848862426412e+01
9.178090734453636657e+00
1.866814877505380821e+01
5.340701613313663998e+00
1.041287311275218386e+01
5.340701613313663998e+00
1.192858007891850392e+01
5.340701613313663998e+00
1.041287311275218386e+01
5.340701613313663998e+00
1.192858007891850392e+01
5.340701613313663998e+00
1.041287311275218386e+01
4.987523092065070607e+00
1.444946379890465593e+01
4.123862953712892576e+00
1.589882245059630606e+01
1.081805481768874699e+01
1.498816650078600610e+01
1.069398124800353855e+01
1.254821706171255080e+01
6.603716923052028065e+00
1.454861878725376911e+01
7.754021474619602117e+00
1.728881889721156284e+01
1.440990799354388585e+01
2.142563906276416930e+01
1.418983904354286629e+01
1.350267848862426412e+01
9.178090734453636657e+00
1.866814877505380821e+01
5.340701613313663998e+00
1.041287311275218386e+01
5.340701613313663998e+00
1.192858007891850392e+01
5.340701613313663998e+00
1.041287311275218386e+01
5.340701613313663998e+00
1.192858007891850392e+01
5.340701613313663998e+00
1.041287311275218386e+01
2.673836175443993657e+00
1.138700859715042313e+01
4.249393215835260307e+00
1.589882245059630606e+01
1.081805481768874699e+01
1.545422857520216908e+01
1.041782409099075224e+01
1.254821706171255080e+01
6.603716923052028065e+00
1.600298535816122936e+01
7.201201120764133989e+00
1.728881889721156284e+01
1.440990799354388585e+01
1.854360130552176145e+01
1.207173027462489046e+01
1.350267848862426412e+01
4.249393215835260307e+00
2.103956091487055247e+01
4.249393215835261195e+00
1.041287311275218208e+01
4.249393215835261195e+00
1.138700859715042313e+01
4.249393215835261195e+00
7.806728206450929797e+00
4.249393215835261195e+00
7.806728206450929797e+00
1.955284724166414412e+00
1.041287311275218208e+01
4.987523092065070607e+00
1.138700859715042313e+01
1.081656085496481623e+01
1.589882245059626698e+01
1.081805481768874522e+01
1.545422857520213000e+01
1.041782409099075224e+01
1.254821706171255258e+01
6.603716923052028065e+00
1.600298535816123291e+01
7.201201120764133989e+00
1.728881889721155574e+01
1.440990799354388585e+01
1.854360130552176500e+01
1.207173027462489046e+01
1.350267848862420905e+01
9.178090734453590471e+00
2.103956091487055247e+01
2.144577088404381371e+01
1.041287311275218208e+01
5.340701613313662222e+00
1.138700859715042313e+01
1.081656085496481623e+01
1.041287311275218208e+01
5.340701613313662222e+00
1.138700859715042313e+01
1.081656085496481623e+01
1.041287311275218208e+01
4.987523092065070607e+00
1.138700859715042313e+01
1.081656085496481623e+01
1.589882245059626698e+01
1.081805481768874522e+01
1.545422857520213000e+01
1.041782409099075224e+01
1.254821706171255258e+01
6.603716923052028065e+00
1.600298535816123291e+01
7.201201120764133989e+00
1.728881889721155574e+01
1.440990799354388585e+01
1.854360130552176500e+01
1.207173027462489046e+01
1.350267848862420905e+01
9.178090734453590471e+00
2.103956091487055247e+01
1.402488330348818835e+01
1.041287311275218208e+01
5.340701613313662222e+00
1.138700859715042313e+01
5.904924575907573470e+00
1.041287311275218208e+01
5.340701613313662222e+00
1.138700859715042313e+01
5.904924575907573470e+00
1.041287311275218208e+01
4.987523092065070607e+00
1.138700859715042313e+01
1.081656085496481623e+01
1.589882245059626698e+01
1.081805481768874522e+01
1.545422857520213000e+01
1.041782409099075224e+01
1.254821706171255258e+01
6.603716923052028065e+00
1.600298535816123291e+01
7.201201120764133989e+00
1.728881889721155574e+01
1.440990799354388585e+01
1.854360130552176500e+01
1.207173027462489046e+01
1.350267848862420905e+01
9.178090734453590471e+00
2.103956091487055247e+01
2.144577088404381371e+01
1.041287311275218208e+01
5.340701613313662222e+00
1.138700859715042313e+01
1.081656085496481623e+01
1.041287311275218208e+01
5.340701613313662222e+00
1.138700859715042313e+01
1.081656085496481623e+01
1.050913178865330266e+01
1.519240179006447633e+01
1.249131549647319339e+01
4.249393215835261195e+00
2.008264674709815623e+01
1.381529144683750943e+01
9.136282587902247343e+00
9.136282587902247343e+00
8.111964353118573001e+00
8.517429461226738496e+00
8.111964353118573001e+00
1.922603520935131272e+01
1.991918238991125634e+01
2.032464749801942361e+01
1.991918238991125634e+01
4.898539051198904204e+00
5.591686231758849601e+00
5.997151339867014208e+00
5.591686231758849601e+00
1.816464939641235787e+01
1.885779657697230149e+01
1.926326168508046877e+01
1.885779657697230149e+01
8.111964353118573001e+00
1.588554897062442173e+01
1.318446267703313879e+01
1.068286878624724601e+01
2.077579392765809985e+01
1.450843862739745482e+01
9.829429768462192740e+00
9.829429768462192740e+00
8.805111533678518398e+00
8.517429461226738496e+00
9.210576641786683894e+00
1.050913178865330266e+01
8.517429461226738496e+00
1.629101407873258722e+01
1.358992778514130251e+01
5.348005504503371199e+00
2.118125903576626712e+01
1.491390373550561854e+01
1.023489487657035646e+01
1.023489487657035646e+01
8.111964353118573001e+00
9.210576641786683894e+00
9.616041749894847612e+00
9.210576641786683894e+00
8.111964353118573001e+00
1.588554897062442173e+01
1.318446267703313879e+01
4.942540396395206592e+00
2.077579392765809985e+01
1.450843862739745482e+01
9.829429768462192740e+00
9.829429768462192740e+00
1.050913178865330266e+01
9.210576641786683894e+00
8.805111533678518398e+00
1.050913178865330266e+01
1.519240179006447633e+01
1.249131549647319339e+01
4.249393215835261195e+00
2.008264674709815623e+01
1.381529144683750943e+01
9.136282587902247343e+00
9.136282587902247343e+00
8.111964353118573001e+00
8.517429461226738496e+00
8.111964353118573001e+00
1.922603520935131272e+01
1.991918238991125634e+01
2.032464749801942361e+01
1.991918238991125634e+01
4.898539051198904204e+00
5.591686231758849601e+00
5.997151339867014208e+00
5.591686231758849601e+00
1.816464939641235787e+01
1.885779657697230149e+01
1.926326168508046877e+01
1.885779657697230149e+01
8.111964353118573001e+00
1.588554897062442173e+01
1.318446267703313879e+01
1.068286878624724601e+01
2.077579392765809985e+01
1.450843862739745482e+01
9.829429768462192740e+00
9.829429768462192740e+00
8.805111533678518398e+00
8.517429461226738496e+00
9.210576641786683894e+00
1.050913178865330266e+01
8.517429461226738496e+00
1.629101407873258722e+01
1.358992778514130251e+01
5.348005504503371199e+00
2.118125903576626712e+01
1.491390373550561854e+01
1.023489487657035646e+01
1.023489487657035646e+01
8.111964353118573001e+00
9.210576641786683894e+00
9.616041749894847612e+00
9.210576641786683894e+00
8.111964353118573001e+00
1.588554897062442173e+01
1.318446267703313879e+01
4.942540396395206592e+00
2.077579392765809985e+01
1.450843862739745482e+01
9.829429768462192740e+00
9.829429768462192740e+00
1.050913178865330266e+01
9.210576641786683894e+00
8.805111533678518398e+00
9.773607282753733472e+00
nan
8.111964353118573001e+00
2.673836175443994101e+00
1.137845649739775133e+01
nan
1.005338448881157021e+01
2.673836175443994101e+00
1.299301579186814060e+01
2.673836175443994101e+00
6.728530802360541685e+00
2.673836175443994101e+00
6.728530802360541685e+00
2.673836175443994101e+00
