5.030892907762526178e+00
1.029685857569245755e+01
5.992038261836986734e+00
9.238434243720581307e+00
9.902320849408972947e+00
4.324211124992425326e+00
4.324211124992425326e+00
1.394736768191102882e+01
1.384182901776658170e+01
5.030892907762526178e+00
1.865028725161924683e+01
1.646023031893593824e+01
1.153399685987867507e+01
1.153399685987867507e+01
1.938844076701958130e+01
5.030892907762526178e+00
2.034958612109404186e+01
2.359598210297763643e+01
2.425986870866603340e+01
1.868175898424948400e+01
1.868175898424948400e+01
2.025448537099688906e+01
2.552045103892681865e+01
2.121563072507134606e+01
2.446202670695494419e+01
2.512591331264333405e+01
1.954780358822678821e+01
1.954780358822678821e+01
9.902320849408972947e+00
8.794809199193569071e+00
7.029456557973794872e+00
1.005531003633122289e+01
4.324211124992425326e+00
4.324211124992425326e+00
5.030892907762526178e+00
4.324211124992425326e+00
8.794809199193569071e+00
7.029456557973794872e+00
1.005531003633122289e+01
4.324211124992425326e+00
4.324211124992425326e+00
4.324211124992425326e+00
4.324211124992425326e+00
8.794809199193569071e+00
7.029456557973794872e+00
1.005531003633122289e+01
5.030892907762526178e+00
4.324211124992425326e+00
4.324211124992425326e+00
1.029685857569245755e+01
1.811990476711205389e+01
2.227405505704322053e+01
2.552045103892681865e+01
1.364930669291090837e+01
1.364930669291090837e+01
1.364930669291090837e+01
2.368108404359949404e+01
2.894704971152942719e+01
1.029685857569245755e+01
2.788862537955754917e+01
2.855251198524594258e+01
2.297440226082939319e+01
2.297440226082939319e+01
5.030892907762526178e+00
1.029685857569245755e+01
5.992038261836986734e+00
9.238434243720581307e+00
9.902320849408972947e+00
4.324211124992425326e+00
4.324211124992425326e+00
2.262265971162761957e+01
2.788862537955754917e+01
2.358380506570207658e+01
2.683020104758567470e+01
2.749408765327406456e+01
2.191597792885751872e+01
2.191597792885751872e+01
1.364930669291090837e+01
1.811990476711205389e+01
2.424769167139046644e+01
2.749408765327406456e+01
1.364930669291090837e+01
1.364930669291090837e+01
1.029685857569245755e+01
1.364930669291090837e+01
1.811990476711205389e+01
1.635455212589227614e+01
1.938040560424970948e+01
1.364930669291090837e+01
1.364930669291090837e+01
1.364930669291090837e+01
1.364930669291090837e+01
1.811990476711205389e+01
1.635455212589227614e+01
1.938040560424970948e+01
1.029685857569245755e+01
1.364930669291090837e+01
1.364930669291090837e+01
5.992038261836986734e+00
4.904182109143025770e+00
2.034958612109404186e+01
2.359598210297763998e+01
1.172483775696172970e+01
1.172483775696172970e+01
1.172483775696172970e+01
5.030892907762526178e+00
1.029685857569245755e+01
5.992038261836986734e+00
9.238434243720581307e+00
9.902320849408972947e+00
4.324211124992425326e+00
4.324211124992425326e+00
1.983214617170113669e+01
5.992038261836986734e+00
2.079329152577559725e+01
2.403968750765919182e+01
2.470357411334758524e+01
1.912546438893103584e+01
1.912546438893103584e+01
2.069819077567844090e+01
2.596415644360837049e+01
2.165933612975289790e+01
2.490573211163649603e+01
2.556961871732488589e+01
1.999150899290834005e+01
1.999150899290834005e+01
1.172483775696172970e+01
4.904182109143025770e+00
2.232322273544128777e+01
2.556961871732488589e+01
1.172483775696172970e+01
1.172483775696172970e+01
5.992038261836986734e+00
1.172483775696172970e+01
4.904182109143025770e+00
1.443008318994310102e+01
1.745593666830053081e+01
1.172483775696172970e+01
1.172483775696172970e+01
1.172483775696172970e+01
1.172483775696172970e+01
4.904182109143025770e+00
1.443008318994310102e+01
1.745593666830053081e+01
5.992038261836986734e+00
1.172483775696172970e+01
1.172483775696172970e+01
9.238434243720581307e+00
1.706148043514017587e+01
2.121563072507134606e+01
2.446202670695494419e+01
1.259088236093903390e+01
1.259088236093903390e+01
1.259088236093903390e+01
2.262265971162761957e+01
2.788862537955754917e+01
9.238434243720581307e+00
2.683020104758567470e+01
2.749408765327406456e+01
2.191597792885751872e+01
2.191597792885751872e+01
2.069819077567843735e+01
9.238434243720581307e+00
2.165933612975289790e+01
2.490573211163649248e+01
2.556961871732488589e+01
1.999150899290833650e+01
1.999150899290833650e+01
2.156423537965574155e+01
2.683020104758567470e+01
2.252538073373020211e+01
2.577177671561379668e+01
2.643566332130219010e+01
2.085755359688564070e+01
2.085755359688564070e+01
1.259088236093903390e+01
1.706148043514017587e+01
2.318926733941859197e+01
2.643566332130218655e+01
1.259088236093903390e+01
1.259088236093903390e+01
9.238434243720581307e+00
1.259088236093903390e+01
1.706148043514017587e+01
1.529612779392040522e+01
1.832198127227783502e+01
1.259088236093903390e+01
1.259088236093903390e+01
1.259088236093903390e+01
1.259088236093903390e+01
1.706148043514017587e+01
1.529612779392040522e+01
1.832198127227783502e+01
9.238434243720581307e+00
1.259088236093903390e+01
1.259088236093903390e+01
9.902320849408972947e+00
8.794809199193569071e+00
7.029456557973794872e+00
1.005531003633122289e+01
4.324211124992425326e+00
4.324211124992425326e+00
5.030892907762526178e+00
1.394736768191102882e+01
1.384182901776658170e+01
9.902320849408972947e+00
1.865028725161924683e+01
1.646023031893593824e+01
1.153399685987867507e+01
1.153399685987867507e+01
2.136207738136683076e+01
9.902320849408972947e+00
2.232322273544129132e+01
2.556961871732488589e+01
2.623350532301327931e+01
2.065539559859672991e+01
2.065539559859672991e+01
2.222812198534413142e+01
2.749408765327406456e+01
2.318926733941859197e+01
2.643566332130218655e+01
2.709954992699057996e+01
2.152144020257403056e+01
2.152144020257403056e+01
4.324211124992425326e+00
8.794809199193569071e+00
7.029456557973794872e+00
1.005531003633122289e+01
4.324211124992425326e+00
4.324211124992425326e+00
9.902320849408972947e+00
4.324211124992425326e+00
8.794809199193569071e+00
7.029456557973794872e+00
1.005531003633122289e+01
4.324211124992425326e+00
4.324211124992425326e+00
4.324211124992425326e+00
5.030892907762526178e+00
1.029685857569245755e+01
5.992038261836986734e+00
9.238434243720581307e+00
9.902320849408972947e+00
4.324211124992425326e+00
4.324211124992425326e+00
4.324211124992425326e+00
8.794809199193569071e+00
7.029456557973794872e+00
1.005531003633122289e+01
4.324211124992425326e+00
4.324211124992425326e+00
4.324211124992425326e+00
1.394736768191102882e+01
1.384182901776658170e+01
4.324211124992425326e+00
1.865028725161924683e+01
1.646023031893593824e+01
1.153399685987867507e+01
1.153399685987867507e+01
1.346893783586864046e+01
4.324211124992425326e+00
1.443008318994310102e+01
1.767647917182669204e+01
1.834036577751508545e+01
1.276225605309853961e+01
1.276225605309853961e+01
1.411443993631977811e+01
1.938040560424970948e+01
1.507558529039423689e+01
1.832198127227783502e+01
1.898586787796622488e+01
1.340775815354967726e+01
1.340775815354967726e+01
4.324211124992425326e+00
8.794809199193569071e+00
7.029456557973794872e+00
1.005531003633122289e+01
4.324211124992425326e+00
4.324211124992425326e+00
4.324211124992425326e+00
4.324211124992425326e+00
8.794809199193569071e+00
7.029456557973794872e+00
1.005531003633122289e+01
4.324211124992425326e+00
4.324211124992425326e+00
4.324211124992425326e+00
4.324211124992425326e+00
8.794809199193569071e+00
7.029456557973794872e+00
1.005531003633122289e+01
4.324211124992425326e+00
4.324211124992425326e+00
4.324211124992425326e+00
4.324211124992425326e+00
8.794809199193569071e+00
7.029456557973794872e+00
1.005531003633122289e+01
5.030892907762526178e+00
4.324211124992425326e+00
4.324211124992425326e+00
1.394736768191102882e+01
1.384182901776658170e+01
4.324211124992425326e+00
1.865028725161924683e+01
1.646023031893593824e+01
1.153399685987867507e+01
1.153399685987867507e+01
1.346893783586864046e+01
4.324211124992425326e+00
1.443008318994310102e+01
1.767647917182669204e+01
1.834036577751508545e+01
1.276225605309853961e+01
1.276225605309853961e+01
1.411443993631977811e+01
1.938040560424970948e+01
1.507558529039423689e+01
1.832198127227783502e+01
1.898586787796622488e+01
1.340775815354967726e+01
1.340775815354967726e+01
5.030892907762526178e+00
1.029685857569245755e+01
5.992038261836986734e+00
9.238434243720581307e+00
9.902320849408972947e+00
4.324211124992425326e+00
4.324211124992425326e+00
4.324211124992425326e+00
8.794809199193569071e+00
7.029456557973794872e+00
1.005531003633122289e+01
4.324211124992425326e+00
4.324211124992425326e+00
4.324211124992425326e+00
4.324211124992425326e+00
8.794809199193569071e+00
7.029456557973794872e+00
1.005531003633122289e+01
4.324211124992425326e+00
4.324211124992425326e+00
4.324211124992425326e+00
5.030892907762526178e+00
1.029685857569245755e+01
5.992038261836986734e+00
9.238434243720581307e+00
9.902320849408972947e+00
4.324211124992425326e+00
4.324211124992425326e+00
1.394736768191102882e+01
1.384182901776658170e+01
5.030892907762526178e+00
1.865028725161924683e+01
1.646023031893593824e+01
1.153399685987867507e+01
1.153399685987867507e+01
1.938844076701958130e+01
5.030892907762526178e+00
2.034958612109404186e+01
2.359598210297763643e+01
2.425986870866603340e+01
1.868175898424948400e+01
1.868175898424948400e+01
2.025448537099688906e+01
2.552045103892681865e+01
2.121563072507134606e+01
2.446202670695494419e+01
2.512591331264333405e+01
1.954780358822678821e+01
1.954780358822678821e+01
9.902320849408972947e+00
8.794809199193569071e+00
7.029456557973794872e+00
1.005531003633122289e+01
4.324211124992425326e+00
4.324211124992425326e+00
5.030892907762526178e+00
4.324211124992425326e+00
8.794809199193569071e+00
7.029456557973794872e+00
1.005531003633122289e+01
4.324211124992425326e+00
4.324211124992425326e+00
4.324211124992425326e+00
4.324211124992425326e+00
8.794809199193569071e+00
7.029456557973794872e+00
1.005531003633122289e+01
5.030892907762526178e+00
4.324211124992425326e+00
4.324211124992425326e+00
1.029685857569245755e+01
1.811990476711205389e+01
2.227405505704322053e+01
2.552045103892681865e+01
1.364930669291090837e+01
1.364930669291090837e+01
1.364930669291090837e+01
2.368108404359949404e+01
2.894704971152942719e+01
1.029685857569245755e+01
2.788862537955754917e+01
2.855251198524594258e+01
2.297440226082939319e+01
2.297440226082939319e+01
5.030892907762526178e+00
1.029685857569245755e+01
5.992038261836986734e+00
9.238434243720581307e+00
9.902320849408972947e+00
4.324211124992425326e+00
4.324211124992425326e+00
2.262265971162761957e+01
2.788862537955754917e+01
2.358380506570207658e+01
2.683020104758567470e+01
2.749408765327406456e+01
2.191597792885751872e+01
2.191597792885751872e+01
1.364930669291090837e+01
1.811990476711205389e+01
2.424769167139046644e+01
2.749408765327406456e+01
1.364930669291090837e+01
1.364930669291090837e+01
1.029685857569245755e+01
1.364930669291090837e+01
1.811990476711205389e+01
1.635455212589227614e+01
1.938040560424970948e+01
1.364930669291090837e+01
1.364930669291090837e+01
1.364930669291090837e+01
1.364930669291090837e+01
1.811990476711205389e+01
1.635455212589227614e+01
1.938040560424970948e+01
1.029685857569245755e+01
1.364930669291090837e+01
1.364930669291090837e+01
5.992038261836986734e+00
4.904182109143025770e+00
2.034958612109404186e+01
2.359598210297763998e+01
1.172483775696172970e+01
1.172483775696172970e+01
1.172483775696172970e+01
2.175661510765031537e+01
1.029685857569245755e+01
5.992038261836986734e+00
9.238434243720581307e+00
9.902320849408972947e+00
4.324211124992425326e+00
4.324211124992425326e+00
1.983214617170113669e+01
5.992038261836986734e+00
2.079329152577559725e+01
2.403968750765919182e+01
2.470357411334758524e+01
1.912546438893103584e+01
1.912546438893103584e+01
2.069819077567844090e+01
2.596415644360837049e+01
2.165933612975289790e+01
2.490573211163649603e+01
2.556961871732488589e+01
1.999150899290834005e+01
1.999150899290834005e+01
1.172483775696172970e+01
4.904182109143025770e+00
2.232322273544128777e+01
2.556961871732488589e+01
1.172483775696172970e+01
1.172483775696172970e+01
5.992038261836986734e+00
1.172483775696172970e+01
4.904182109143025770e+00
1.443008318994310102e+01
1.745593666830053081e+01
1.172483775696172970e+01
1.172483775696172970e+01
1.172483775696172970e+01
1.172483775696172970e+01
4.904182109143025770e+00
1.443008318994310102e+01
1.745593666830053081e+01
5.992038261836986734e+00
1.172483775696172970e+01
1.172483775696172970e+01
9.238434243720581307e+00
1.706148043514017587e+01
2.121563072507134606e+01
2.446202670695494419e+01
1.259088236093903390e+01
1.259088236093903390e+01
1.259088236093903390e+01
2.262265971162761957e+01
2.788862537955754917e+01
9.238434243720581307e+00
2.683020104758567470e+01
2.749408765327406456e+01
2.191597792885751872e+01
2.191597792885751872e+01
2.069819077567843735e+01
9.238434243720581307e+00
2.165933612975289790e+01
2.490573211163649248e+01
2.556961871732488589e+01
1.999150899290833650e+01
1.999150899290833650e+01
2.156423537965574155e+01
2.683020104758567470e+01
2.252538073373020211e+01
2.577177671561379668e+01
2.643566332130219010e+01
2.085755359688564070e+01
2.085755359688564070e+01
1.259088236093903390e+01
1.706148043514017587e+01
2.318926733941859197e+01
2.643566332130218655e+01
1.259088236093903390e+01
1.259088236093903390e+01
9.238434243720581307e+00
1.259088236093903390e+01
1.706148043514017587e+01
1.529612779392040522e+01
1.832198127227783502e+01
1.259088236093903390e+01
1.259088236093903390e+01
1.259088236093903390e+01
1.259088236093903390e+01
1.706148043514017587e+01
1.529612779392040522e+01
1.832198127227783502e+01
9.238434243720581307e+00
1.259088236093903390e+01
1.259088236093903390e+01
9.902320849408972947e+00
8.794809199193569071e+00
7.029456557973794872e+00
1.005531003633122289e+01
4.324211124992425326e+00
1.325476896662742377e+01
5.030892907762526178e+00
2.328654631731600944e+01
1.384182901776658170e+01
9.902320849408972947e+00
1.865028725161924683e+01
1.646023031893593824e+01
1.153399685987867507e+01
1.153399685987867507e+01
2.136207738136683076e+01
9.902320849408972947e+00
2.232322273544129132e+01
2.556961871732488589e+01
2.623350532301327931e+01
2.065539559859672991e+01
2.065539559859672991e+01
2.222812198534413142e+01
2.749408765327406456e+01
2.318926733941859197e+01
2.643566332130218655e+01
2.709954992699057996e+01
2.152144020257403056e+01
2.152144020257403056e+01
4.324211124992425326e+00
8.794809199193569071e+00
7.029456557973794872e+00
1.005531003633122289e+01
4.324211124992425326e+00
4.324211124992425326e+00
9.902320849408972947e+00
1.325476896662742377e+01
8.794809199193569071e+00
1.596001439960879509e+01
1.005531003633122289e+01
4.324211124992425326e+00
4.324211124992425326e+00
4.324211124992425326e+00
5.030892907762526178e+00
1.029685857569245755e+01
1.596001439960879509e+01
9.238434243720581307e+00
9.902320849408972947e+00
4.324211124992425326e+00
4.324211124992425326e+00
4.324211124992425326e+00
8.794809199193569071e+00
7.029456557973794872e+00
1.005531003633122289e+01
4.324211124992425326e+00
4.324211124992425326e+00
4.324211124992425326e+00
1.394736768191102882e+01
1.384182901776658170e+01
4.324211124992425326e+00
1.865028725161924683e+01
1.646023031893593824e+01
1.153399685987867507e+01
1.153399685987867507e+01
1.346893783586864046e+01
4.324211124992425326e+00
1.443008318994310102e+01
1.767647917182669204e+01
1.834036577751508545e+01
1.276225605309853961e+01
1.276225605309853961e+01
1.411443993631977811e+01
1.938040560424970948e+01
1.507558529039423689e+01
1.832198127227783502e+01
1.898586787796622488e+01
1.340775815354967726e+01
1.340775815354967726e+01
4.324211124992425326e+00
8.794809199193569071e+00
7.029456557973794872e+00
1.005531003633122289e+01
4.324211124992425326e+00
4.324211124992425326e+00
4.324211124992425326e+00
4.324211124992425326e+00
8.794809199193569071e+00
7.029456557973794872e+00
1.005531003633122289e+01
4.324211124992425326e+00
4.324211124992425326e+00
4.324211124992425326e+00
4.324211124992425326e+00
8.794809199193569071e+00
7.029456557973794872e+00
1.005531003633122289e+01
4.324211124992425326e+00
4.324211124992425326e+00
4.324211124992425326e+00
4.324211124992425326e+00
8.794809199193569071e+00
7.029456557973794872e+00
1.005531003633122289e+01
5.030892907762526178e+00
4.324211124992425326e+00
4.324211124992425326e+00
1.394736768191102882e+01
1.384182901776658170e+01
4.324211124992425326e+00
1.865028725161924683e+01
1.646023031893593824e+01
1.153399685987867507e+01
1.153399685987867507e+01
1.346893783586864046e+01
4.324211124992425326e+00
1.443008318994310102e+01
1.767647917182669204e+01
1.834036577751508545e+01
1.276225605309853961e+01
1.276225605309853961e+01
1.411443993631977811e+01
1.938040560424970948e+01
1.507558529039423689e+01
1.832198127227783502e+01
1.898586787796622488e+01
1.340775815354967726e+01
1.340775815354967726e+01
5.030892907762526178e+00
1.029685857569245755e+01
5.992038261836986734e+00
9.238434243720581307e+00
9.902320849408972947e+00
4.324211124992425326e+00
4.324211124992425326e+00
4.324211124992425326e+00
8.794809199193569071e+00
7.029456557973794872e+00
1.005531003633122289e+01
4.324211124992425326e+00
4.324211124992425326e+00
4.324211124992425326e+00
4.324211124992425326e+00
8.794809199193569071e+00
7.029456557973794872e+00
1.005531003633122289e+01
4.324211124992425326e+00
4.324211124992425326e+00
4.324211124992425326e+00
9.096083348828896575e+00
4.324211124992425326e+00
nan
2.708066997803338261e+00
8.794809199193569071e+00
1.364930669291090837e+01
2.708066997803338261e+00
2.708066997803338261e+00
1.138800618472942361e+01
1.172483775696172970e+01
nan
2.708066997803338261e+00
1.085737793366725334e+01
1.259088236093903390e+01
2.708066997803338261e+00
2.708066997803338261e+00
1.256960322888539494e+01
1.943526015547946351e+00
2.708066997803338261e+00
2.708066997803338261e+00
7.643369769828133542e+00
4.324211124992425326e+00
2.708066997803338261e+00
2.708066997803338261e+00
7.643369769828133542e+00
4.324211124992425326e+00
2.708066997803338261e+00
2.708066997803338261e+00
1.086402267771356023e+01
9.234824511389581048e+00
1.412732559083112349e+01
5.019520310684615794e+00
1.413977065003727418e+01
8.049226806734409934e+00
1.740307356315483744e+01
9.870804643766748043e+00
1.552651650566076924e+01
1.064242379227026625e+01
1.878981941877833250e+01
7.920453395118814299e+00
1.639256110963807345e+01
1.011179554120809598e+01
2.517708994060375716e+01
7.971337679596875780e+00
1.378694927541453197e+01
1.570388927929765543e+01
1.705025218853209523e+01
1.606998424748356413e+01
9.554143019588920538e+00
8.143899094799010641e+00
1.281744593270648203e+01
8.143899094799010641e+00
9.554143019588920538e+00
8.143899094799010641e+00
1.281744593270648203e+01
8.143899094799010641e+00
1.086402267771356023e+01
9.234824511389581048e+00
1.412732559083112349e+01
5.019520310684615794e+00
1.413977065003727418e+01
8.049226806734409934e+00
1.740307356315483744e+01
9.870804643766748043e+00
1.552651650566076924e+01
1.064242379227026625e+01
1.878981941877833250e+01
7.920453395118814299e+00
1.639256110963807345e+01
1.011179554120809598e+01
1.965586402275563671e+01
7.971337679596875780e+00
1.378694927541453197e+01
1.570388927929765543e+01
1.705025218853209523e+01
1.717065248025471291e+01
9.554143019588920538e+00
8.143899094799010641e+00
1.281744593270648203e+01
8.143899094799010641e+00
9.554143019588920538e+00
8.143899094799010641e+00
1.281744593270648203e+01
8.143899094799010641e+00
1.086402267771356023e+01
9.234824511389581048e+00
1.412732559083112349e+01
5.019520310684615794e+00
1.413977065003727418e+01
8.049226806734409934e+00
1.740307356315483744e+01
9.870804643766748043e+00
1.552651650566076924e+01
1.064242379227026625e+01
1.878981941877833250e+01
7.920453395118814299e+00
1.639256110963807345e+01
1.011179554120809598e+01
1.965586402275563671e+01
7.971337679596875780e+00
1.378694927541453197e+01
1.308915755831886862e+01
1.705025218853209523e+01
1.395007815231961601e+01
9.554143019588920538e+00
8.143899094799010641e+00
1.281744593270648203e+01
8.143899094799010641e+00
9.554143019588920538e+00
8.143899094799010641e+00
1.281744593270648203e+01
8.143899094799010641e+00
inf
2.708066997803338261e+00
1.681729644848219252e+01
4.324211124992425326e+00
1.544932840804090546e+01
1.148203825103330900e+01
1.643621260538203899e+01
9.979988874534420518e+00
1.085538792581742840e+01
6.888097768809831045e+00
1.468369251060373770e+01
7.749018362810579319e+00
1.714650724656262781e+01
1.317921708955503313e+01
2.124467083923470412e+01
1.404013768355578051e+01
1.341191404496706774e+01
4.324211124992425326e+00
1.905461390655139553e+01
9.902320849408972947e+00
1.065467816120498412e+01
4.324211124992425326e+00
1.412838044749413413e+01
4.324211124992425326e+00
1.065467816120498412e+01
4.324211124992425326e+00
1.412838044749413413e+01
5.030892907762526178e+00
inf
5.019520310684615794e+00
1.681729644848219252e+01
4.158599716683867520e+00
1.544932840804090546e+01
1.148203825103330900e+01
1.643621260538203899e+01
9.979988874534420518e+00
1.085538792581742840e+01
6.888097768809831045e+00
1.468369251060373770e+01
7.749018362810579319e+00
1.714650724656262781e+01
1.317921708955503313e+01
2.124467083923470412e+01
1.404013768355578051e+01
1.341191404496706774e+01
9.444623887959471276e+00
1.905461390655139553e+01
6.687388004197387659e+00
1.065467816120498412e+01
6.687388004197387659e+00
1.412838044749413413e+01
6.687388004197387659e+00
1.065467816120498412e+01
6.687388004197387659e+00
1.412838044749413413e+01
6.687388004197387659e+00
inf
5.019520310684615794e+00
1.681729644848219252e+01
4.158599716683867520e+00
1.544932840804090546e+01
1.148203825103330900e+01
1.643621260538203899e+01
9.979988874534420518e+00
1.085538792581742840e+01
6.888097768809831045e+00
1.468369251060373770e+01
7.749018362810579319e+00
1.714650724656262781e+01
1.317921708955503313e+01
2.124467083923470412e+01
1.404013768355578051e+01
1.341191404496706774e+01
9.444623887959471276e+00
1.905461390655139553e+01
6.687388004197387659e+00
1.065467816120498412e+01
6.687388004197387659e+00
1.412838044749413413e+01
6.687388004197387659e+00
1.065467816120498412e+01
6.687388004197387659e+00
1.412838044749413413e+01
6.687388004197387659e+00
inf
5.019520310684615794e+00
1.681729644848219252e+01
4.158599716683867520e+00
1.544932840804090546e+01
1.148203825103330900e+01
1.643621260538203899e+01
9.979988874534420518e+00
1.085538792581742840e+01
6.888097768809831045e+00
1.468369251060373770e+01
7.749018362810579319e+00
1.714650724656262781e+01
1.317921708955503313e+01
2.124467083923470412e+01
1.404013768355578051e+01
1.341191404496706774e+01
9.444623887959471276e+00
1.905461390655139553e+01
6.687388004197387659e+00
1.065467816120498412e+01
6.687388004197387659e+00
1.412838044749413413e+01
6.687388004197387659e+00
1.065467816120498412e+01
6.687388004197387659e+00
1.412838044749413413e+01
6.687388004197387659e+00
inf
2.708066997803338261e+00
1.693625357010760979e+01
4.324211124992425326e+00
1.544932840804090546e+01
1.148203825103330900e+01
1.613760011847185538e+01
1.302999135684743237e+01
1.085538792581742840e+01
6.888097768809831045e+00
1.550828357234194144e+01
1.298645282489058772e+01
1.714650724656262781e+01
1.317921708955503313e+01
1.952786944245902134e+01
1.081778103593993734e+01
1.341191404496706774e+01
4.324211124992425326e+00
2.204427186232894798e+01
4.324211124992425326e+00
1.065467816120498412e+01
4.324211124992425326e+00
1.281661455734215238e+01
4.324211124992425326e+00
1.065467816120498412e+01
4.324211124992425326e+00
1.281661455734215238e+01
1.943526015547946351e+00
inf
5.019520310684615794e+00
1.693625357010760979e+01
9.234824511389581048e+00
1.544932840804090546e+01
1.148203825103330900e+01
1.613760011847185538e+01
1.302999135684743237e+01
1.085538792581742840e+01
6.888097768809831045e+00
1.550828357234194144e+01
1.298645282489058772e+01
1.714650724656262781e+01
1.317921708955503313e+01
1.952786944245902134e+01
1.081778103593993734e+01
1.341191404496706774e+01
9.444623887959471276e+00
2.204427186232894798e+01
1.603850848154318243e+01
1.065467816120498412e+01
6.687388004197387659e+00
1.281661455734215238e+01
1.260647997635266648e+01
1.065467816120498412e+01
6.687388004197387659e+00
1.281661455734215238e+01
1.260647997635266648e+01
inf
5.019520310684615794e+00
1.693625357010760979e+01
9.234824511389581048e+00
1.544932840804090546e+01
1.148203825103330900e+01
1.613760011847185538e+01
1.302999135684743237e+01
1.085538792581742840e+01
6.888097768809831045e+00
1.550828357234194144e+01
1.298645282489058772e+01
1.714650724656262781e+01
1.317921708955503313e+01
1.952786944245902134e+01
1.081778103593993734e+01
1.341191404496706774e+01
9.444623887959471276e+00
2.204427186232894798e+01
2.101375764151655190e+01
1.065467816120498412e+01
6.687388004197387659e+00
1.281661455734215238e+01
1.501847205823346343e+01
1.065467816120498412e+01
6.687388004197387659e+00
1.281661455734215238e+01
1.501847205823346343e+01
inf
5.019520310684615794e+00
1.693625357010760979e+01
9.234824511389581048e+00
1.544932840804090546e+01
1.148203825103330900e+01
1.613760011847185538e+01
1.302999135684743237e+01
1.085538792581742840e+01
6.888097768809831045e+00
1.550828357234194144e+01
1.298645282489058772e+01
1.714650724656262781e+01
1.317921708955503313e+01
1.952786944245902134e+01
1.081778103593993734e+01
1.341191404496706774e+01
9.444623887959471276e+00
2.204427186232894798e+01
2.101375764151655190e+01
1.065467816120498412e+01
6.687388004197387659e+00
1.281661455734215238e+01
1.501847205823346343e+01
1.065467816120498412e+01
6.687388004197387659e+00
1.281661455734215238e+01
1.501847205823346343e+01
1.029685857569245755e+01
1.394736768191102882e+01
1.384182901776658170e+01
5.030892907762526178e+00
1.865028725161924683e+01
1.646023031893593824e+01
1.153399685987867507e+01
1.153399685987867507e+01
8.794809199193569071e+00
8.794809199193569071e+00
8.794809199193569071e+00
1.811990476711205389e+01
1.811990476711205389e+01
1.811990476711205389e+01
1.811990476711205389e+01
4.904182109143025770e+00
4.904182109143025770e+00
4.904182109143025770e+00
4.904182109143025770e+00
1.706148043514017587e+01
1.706148043514017587e+01
1.706148043514017587e+01
1.706148043514017587e+01
8.794809199193569071e+00
1.394736768191102882e+01
1.384182901776658170e+01
9.902320849408972947e+00
1.865028725161924683e+01
1.646023031893593824e+01
1.153399685987867507e+01
1.153399685987867507e+01
8.794809199193569071e+00
8.794809199193569071e+00
8.794809199193569071e+00
1.029685857569245755e+01
8.794809199193569071e+00
1.394736768191102882e+01
1.384182901776658170e+01
4.324211124992425326e+00
1.865028725161924683e+01
1.646023031893593824e+01
1.153399685987867507e+01
1.153399685987867507e+01
8.794809199193569071e+00
8.794809199193569071e+00
8.794809199193569071e+00
8.794809199193569071e+00
8.794809199193569071e+00
1.394736768191102882e+01
1.384182901776658170e+01
4.324211124992425326e+00
1.865028725161924683e+01
1.646023031893593824e+01
1.153399685987867507e+01
1.153399685987867507e+01
1.029685857569245755e+01
8.794809199193569071e+00
8.794809199193569071e+00
1.029685857569245755e+01
1.394736768191102882e+01
1.384182901776658170e+01
5.030892907762526178e+00
1.865028725161924683e+01
1.646023031893593824e+01
1.153399685987867507e+01
1.153399685987867507e+01
8.794809199193569071e+00
8.794809199193569071e+00
8.794809199193569071e+00
1.811990476711205389e+01
1.811990476711205389e+01
1.811990476711205389e+01
1.811990476711205389e+01
4.904182109143025770e+00
4.904182109143025770e+00
4.904182109143025770e+00
4.904182109143025770e+00
1.706148043514017587e+01
1.706148043514017587e+01
1.706148043514017587e+01
1.706148043514017587e+01
8.794809199193569071e+00
1.394736768191102882e+01
1.384182901776658170e+01
9.902320849408972947e+00
1.865028725161924683e+01
1.646023031893593824e+01
1.153399685987867507e+01
1.153399685987867507e+01
8.794809199193569071e+00
8.794809199193569071e+00
8.794809199193569071e+00
1.029685857569245755e+01
8.794809199193569071e+00
1.394736768191102882e+01
1.384182901776658170e+01
4.324211124992425326e+00
1.865028725161924683e+01
1.646023031893593824e+01
1.153399685987867507e+01
1.153399685987867507e+01
8.794809199193569071e+00
8.794809199193569071e+00
8.794809199193569071e+00
8.794809199193569071e+00
8.794809199193569071e+00
1.394736768191102882e+01
1.384182901776658170e+01
4.324211124992425326e+00
1.865028725161924683e+01
1.646023031893593824e+01
1.153399685987867507e+01
1.153399685987867507e+01
1.029685857569245755e+01
8.794809199193569071e+00
8.794809199193569071e+00
9.096083348828896575e+00
nan
8.794809199193569071e+00
2.708066997803338261e+00
1.138800618472942361e+01
nan
1.085737793366725334e+01
2.708066997803338261e+00
1.256960322888539494e+01
2.708066997803338261e+00
7.643369769828133542e+00
2.708066997803338261e+00
7.643369769828133542e+00
2.708066997803338261e+00
