5.030892907762526178e+00
1.029685857569245755e+01
5.992038261836986734e+00
9.238434243720581307e+00
9.902320849408972947e+00
4.324211124992425326e+00
4.324211124992425326e+00
1.498217936267152695e+01
1.236163814370187808e+01
5.030892907762526178e+00
1.969198209837746916e+01
1.484688896179352824e+01
9.594128395847000945e+00
9.594128395847000945e+00
1.938844076701958130e+01
5.030892907762526178e+00
2.034958612109404186e+01
2.359598210297763643e+01
2.425986870866603340e+01
1.741426982689196379e+01
1.741426982689196379e+01
2.025448537099688906e+01
2.552045103892681865e+01
2.121563072507134606e+01
2.446202670695494419e+01
2.512591331264333405e+01
1.828031443086926799e+01
1.828031443086926799e+01
9.902320849408972947e+00
7.437371110090303716e+00
7.865995683332586808e+00
9.018107687080117785e+00
4.324211124992425326e+00
4.324211124992425326e+00
5.030892907762526178e+00
4.324211124992425326e+00
7.437371110090303716e+00
7.865995683332586808e+00
9.018107687080117785e+00
4.324211124992425326e+00
4.324211124992425326e+00
4.324211124992425326e+00
4.324211124992425326e+00
7.437371110090303716e+00
7.865995683332586808e+00
9.018107687080117785e+00
5.030892907762526178e+00
4.324211124992425326e+00
4.324211124992425326e+00
1.029685857569245755e+01
1.676246667800878853e+01
2.227405505704322053e+01
2.552045103892681865e+01
1.238181753555338815e+01
1.238181753555338815e+01
1.238181753555338815e+01
2.368108404359949404e+01
2.894704971152942719e+01
1.029685857569245755e+01
2.788862537955754917e+01
2.855251198524594258e+01
2.170691310347187297e+01
2.170691310347187297e+01
5.030892907762526178e+00
1.029685857569245755e+01
5.992038261836986734e+00
9.238434243720581307e+00
9.902320849408972947e+00
4.324211124992425326e+00
4.324211124992425326e+00
2.262265971162761957e+01
2.788862537955754917e+01
2.358380506570207658e+01
2.683020104758567470e+01
2.749408765327406456e+01
2.064848877149999851e+01
2.064848877149999851e+01
1.238181753555338815e+01
1.676246667800878853e+01
2.424769167139046644e+01
2.749408765327406456e+01
1.238181753555338815e+01
1.238181753555338815e+01
1.029685857569245755e+01
1.238181753555338815e+01
1.676246667800878853e+01
1.727516696679366248e+01
1.846170132059308600e+01
1.238181753555338815e+01
1.238181753555338815e+01
1.238181753555338815e+01
1.238181753555338815e+01
1.676246667800878853e+01
1.727516696679366248e+01
1.846170132059308600e+01
1.029685857569245755e+01
1.238181753555338815e+01
1.238181753555338815e+01
5.992038261836986734e+00
4.904182109143025770e+00
2.034958612109404186e+01
2.359598210297763998e+01
1.045734859960420948e+01
1.045734859960420948e+01
1.045734859960420948e+01
5.030892907762526178e+00
1.029685857569245755e+01
5.992038261836986734e+00
9.238434243720581307e+00
9.902320849408972947e+00
4.324211124992425326e+00
4.324211124992425326e+00
1.983214617170113669e+01
5.992038261836986734e+00
2.079329152577559725e+01
2.403968750765919182e+01
2.470357411334758524e+01
1.785797523157351563e+01
1.785797523157351563e+01
2.069819077567844090e+01
2.596415644360837049e+01
2.165933612975289790e+01
2.490573211163649603e+01
2.556961871732488589e+01
1.872401983555081983e+01
1.872401983555081983e+01
1.045734859960420948e+01
4.904182109143025770e+00
2.232322273544128777e+01
2.556961871732488589e+01
1.045734859960420948e+01
1.045734859960420948e+01
5.992038261836986734e+00
1.045734859960420948e+01
4.904182109143025770e+00
1.535069803084448381e+01
1.653723238464390732e+01
1.045734859960420948e+01
1.045734859960420948e+01
1.045734859960420948e+01
1.045734859960420948e+01
4.904182109143025770e+00
1.535069803084448381e+01
1.653723238464390732e+01
5.992038261836986734e+00
1.045734859960420948e+01
1.045734859960420948e+01
9.238434243720581307e+00
1.570404234603691052e+01
2.121563072507134606e+01
2.446202670695494419e+01
1.132339320358151369e+01
1.132339320358151369e+01
1.132339320358151369e+01
2.262265971162761957e+01
2.788862537955754917e+01
9.238434243720581307e+00
2.683020104758567470e+01
2.749408765327406456e+01
2.064848877149999851e+01
2.064848877149999851e+01
2.069819077567843735e+01
9.238434243720581307e+00
2.165933612975289790e+01
2.490573211163649248e+01
2.556961871732488589e+01
1.872401983555081628e+01
1.872401983555081628e+01
2.156423537965574155e+01
2.683020104758567470e+01
2.252538073373020211e+01
2.577177671561379668e+01
2.643566332130219010e+01
1.959006443952812049e+01
1.959006443952812049e+01
1.132339320358151369e+01
1.570404234603691052e+01
2.318926733941859197e+01
2.643566332130218655e+01
1.132339320358151369e+01
1.132339320358151369e+01
9.238434243720581307e+00
1.132339320358151369e+01
1.570404234603691052e+01
1.621674263482178802e+01
1.740327698862121153e+01
1.132339320358151369e+01
1.132339320358151369e+01
1.132339320358151369e+01
1.132339320358151369e+01
1.570404234603691052e+01
1.621674263482178802e+01
1.740327698862121153e+01
9.238434243720581307e+00
1.132339320358151369e+01
1.132339320358151369e+01
9.902320849408972947e+00
7.437371110090303716e+00
7.865995683332586808e+00
9.018107687080117785e+00
4.324211124992425326e+00
4.324211124992425326e+00
5.030892907762526178e+00
1.498217936267152695e+01
1.236163814370187808e+01
9.902320849408972947e+00
1.969198209837746916e+01
1.484688896179352824e+01
9.594128395847000945e+00
9.594128395847000945e+00
2.136207738136683076e+01
9.902320849408972947e+00
2.232322273544129132e+01
2.556961871732488589e+01
2.623350532301327931e+01
1.938790644123920970e+01
1.938790644123920970e+01
2.222812198534413142e+01
2.749408765327406456e+01
2.318926733941859197e+01
2.643566332130218655e+01
2.709954992699057996e+01
2.025395104521651035e+01
2.025395104521651035e+01
4.324211124992425326e+00
7.437371110090303716e+00
7.865995683332586808e+00
9.018107687080117785e+00
4.324211124992425326e+00
4.324211124992425326e+00
9.902320849408972947e+00
4.324211124992425326e+00
7.437371110090303716e+00
7.865995683332586808e+00
9.018107687080117785e+00
4.324211124992425326e+00
4.324211124992425326e+00
4.324211124992425326e+00
5.030892907762526178e+00
1.029685857569245755e+01
5.992038261836986734e+00
9.238434243720581307e+00
9.902320849408972947e+00
4.324211124992425326e+00
4.324211124992425326e+00
4.324211124992425326e+00
7.437371110090303716e+00
7.865995683332586808e+00
9.018107687080117785e+00
4.324211124992425326e+00
4.324211124992425326e+00
4.324211124992425326e+00
1.498217936267152695e+01
1.236163814370187808e+01
4.324211124992425326e+00
1.969198209837746916e+01
1.484688896179352824e+01
9.594128395847000945e+00
9.594128395847000945e+00
1.364449918666316464e+01
4.324211124992425326e+00
1.460564454073762519e+01
1.785204052262121621e+01
1.851592712830960963e+01
1.167032824653554357e+01
1.167032824653554357e+01
1.307723758706867301e+01
1.834320325499860260e+01
1.403838294114313001e+01
1.728477892302672814e+01
1.794866552871511800e+01
1.110306664694105194e+01
1.110306664694105194e+01
4.324211124992425326e+00
7.437371110090303716e+00
7.865995683332586808e+00
9.018107687080117785e+00
4.324211124992425326e+00
4.324211124992425326e+00
4.324211124992425326e+00
4.324211124992425326e+00
7.437371110090303716e+00
7.865995683332586808e+00
9.018107687080117785e+00
4.324211124992425326e+00
4.324211124992425326e+00
4.324211124992425326e+00
4.324211124992425326e+00
7.437371110090303716e+00
7.865995683332586808e+00
9.018107687080117785e+00
4.324211124992425326e+00
4.324211124992425326e+00
4.324211124992425326e+00
4.324211124992425326e+00
7.437371110090303716e+00
7.865995683332586808e+00
9.018107687080117785e+00
5.030892907762526178e+00
4.324211124992425326e+00
4.324211124992425326e+00
1.498217936267152695e+01
1.236163814370187808e+01
4.324211124992425326e+00
1.969198209837746916e+01
1.484688896179352824e+01
9.594128395847000945e+00
9.594128395847000945e+00
1.364449918666316464e+01
4.324211124992425326e+00
1.460564454073762519e+01
1.785204052262121621e+01
1.851592712830960963e+01
1.167032824653554357e+01
1.167032824653554357e+01
1.307723758706867301e+01
1.834320325499860260e+01
1.403838294114313001e+01
1.728477892302672814e+01
1.794866552871511800e+01
1.110306664694105194e+01
1.110306664694105194e+01
5.030892907762526178e+00
1.029685857569245755e+01
5.992038261836986734e+00
9.238434243720581307e+00
9.902320849408972947e+00
4.324211124992425326e+00
4.324211124992425326e+00
4.324211124992425326e+00
7.437371110090303716e+00
7.865995683332586808e+00
9.018107687080117785e+00
4.324211124992425326e+00
4.324211124992425326e+00
4.324211124992425326e+00
4.324211124992425326e+00
7.437371110090303716e+00
7.865995683332586808e+00
9.018107687080117785e+00
4.324211124992425326e+00
4.324211124992425326e+00
4.324211124992425326e+00
5.030892907762526178e+00
1.029685857569245755e+01
5.992038261836986734e+00
9.238434243720581307e+00
9.902320849408972947e+00
4.324211124992425326e+00
4.324211124992425326e+00
1.498217936267152695e+01
1.236163814370187808e+01
5.030892907762526178e+00
1.969198209837746916e+01
1.484688896179352824e+01
9.594128395847000945e+00
9.594128395847000945e+00
1.938844076701958130e+01
5.030892907762526178e+00
2.034958612109404186e+01
2.359598210297763643e+01
2.425986870866603340e+01
1.741426982689196379e+01
1.741426982689196379e+01
2.025448537099688906e+01
2.552045103892681865e+01
2.121563072507134606e+01
2.446202670695494419e+01
2.512591331264333405e+01
1.828031443086926799e+01
1.828031443086926799e+01
9.902320849408972947e+00
7.437371110090303716e+00
7.865995683332586808e+00
9.018107687080117785e+00
4.324211124992425326e+00
4.324211124992425326e+00
5.030892907762526178e+00
4.324211124992425326e+00
7.437371110090303716e+00
7.865995683332586808e+00
9.018107687080117785e+00
4.324211124992425326e+00
4.324211124992425326e+00
4.324211124992425326e+00
4.324211124992425326e+00
7.437371110090303716e+00
7.865995683332586808e+00
9.018107687080117785e+00
5.030892907762526178e+00
4.324211124992425326e+00
4.324211124992425326e+00
1.029685857569245755e+01
1.676246667800878853e+01
2.227405505704322053e+01
2.552045103892681865e+01
1.238181753555338815e+01
1.238181753555338815e+01
1.238181753555338815e+01
2.368108404359949404e+01
2.894704971152942719e+01
1.029685857569245755e+01
2.788862537955754917e+01
2.855251198524594258e+01
2.170691310347187297e+01
2.170691310347187297e+01
5.030892907762526178e+00
1.029685857569245755e+01
5.992038261836986734e+00
9.238434243720581307e+00
9.902320849408972947e+00
4.324211124992425326e+00
4.324211124992425326e+00
2.262265971162761957e+01
2.788862537955754917e+01
2.358380506570207658e+01
2.683020104758567470e+01
2.749408765327406456e+01
2.064848877149999851e+01
2.064848877149999851e+01
1.238181753555338815e+01
1.676246667800878853e+01
2.424769167139046644e+01
2.749408765327406456e+01
1.238181753555338815e+01
1.238181753555338815e+01
1.029685857569245755e+01
1.238181753555338815e+01
1.676246667800878853e+01
1.727516696679366248e+01
1.846170132059308600e+01
1.238181753555338815e+01
1.238181753555338815e+01
1.238181753555338815e+01
1.238181753555338815e+01
1.676246667800878853e+01
1.727516696679366248e+01
1.846170132059308600e+01
1.029685857569245755e+01
1.238181753555338815e+01
1.238181753555338815e+01
5.992038261836986734e+00
4.904182109143025770e+00
2.034958612109404186e+01
2.359598210297763998e+01
1.045734859960420948e+01
1.045734859960420948e+01
1.045734859960420948e+01
2.175661510765031537e+01
1.029685857569245755e+01
5.992038261836986734e+00
9.238434243720581307e+00
9.902320849408972947e+00
4.324211124992425326e+00
4.324211124992425326e+00
1.983214617170113669e+01
5.992038261836986734e+00
2.079329152577559725e+01
2.403968750765919182e+01
2.470357411334758524e+01
1.785797523157351563e+01
1.785797523157351563e+01
2.069819077567844090e+01
2.596415644360837049e+01
2.165933612975289790e+01
2.490573211163649603e+01
2.556961871732488589e+01
1.872401983555081983e+01
1.872401983555081983e+01
1.045734859960420948e+01
4.904182109143025770e+00
2.232322273544128777e+01
2.556961871732488589e+01
1.045734859960420948e+01
1.045734859960420948e+01
5.992038261836986734e+00
1.045734859960420948e+01
4.904182109143025770e+00
1.535069803084448381e+01
1.653723238464390732e+01
1.045734859960420948e+01
1.045734859960420948e+01
1.045734859960420948e+01
1.045734859960420948e+01
4.904182109143025770e+00
1.535069803084448381e+01
1.653723238464390732e+01
5.992038261836986734e+00
1.045734859960420948e+01
1.045734859960420948e+01
9.238434243720581307e+00
1.570404234603691052e+01
2.121563072507134606e+01
2.446202670695494419e+01
1.132339320358151369e+01
1.132339320358151369e+01
1.132339320358151369e+01
2.262265971162761957e+01
2.788862537955754917e+01
9.238434243720581307e+00
2.683020104758567470e+01
2.749408765327406456e+01
2.064848877149999851e+01
2.064848877149999851e+01
2.069819077567843735e+01
9.238434243720581307e+00
2.165933612975289790e+01
2.490573211163649248e+01
2.556961871732488589e+01
1.872401983555081628e+01
1.872401983555081628e+01
2.156423537965574155e+01
2.683020104758567470e+01
2.252538073373020211e+01
2.577177671561379668e+01
2.643566332130219010e+01
1.959006443952812049e+01
1.959006443952812049e+01
1.132339320358151369e+01
1.570404234603691052e+01
2.318926733941859197e+01
2.643566332130218655e+01
1.132339320358151369e+01
1.132339320358151369e+01
9.238434243720581307e+00
1.132339320358151369e+01
1.570404234603691052e+01
1.621674263482178802e+01
1.740327698862121153e+01
1.132339320358151369e+01
1.132339320358151369e+01
1.132339320358151369e+01
1.132339320358151369e+01
1.570404234603691052e+01
1.621674263482178802e+01
1.740327698862121153e+01
9.238434243720581307e+00
1.132339320358151369e+01
1.132339320358151369e+01
9.902320849408972947e+00
7.437371110090303716e+00
7.865995683332586808e+00
9.018107687080117785e+00
4.324211124992425326e+00
1.198727980926990355e+01
5.030892907762526178e+00
2.328654631731600944e+01
1.236163814370187808e+01
9.902320849408972947e+00
1.969198209837746916e+01
1.484688896179352824e+01
9.594128395847000945e+00
9.594128395847000945e+00
2.136207738136683076e+01
9.902320849408972947e+00
2.232322273544129132e+01
2.556961871732488589e+01
2.623350532301327931e+01
1.938790644123920970e+01
1.938790644123920970e+01
2.222812198534413142e+01
2.749408765327406456e+01
2.318926733941859197e+01
2.643566332130218655e+01
2.709954992699057996e+01
2.025395104521651035e+01
2.025395104521651035e+01
4.324211124992425326e+00
7.437371110090303716e+00
7.865995683332586808e+00
9.018107687080117785e+00
4.324211124992425326e+00
4.324211124992425326e+00
9.902320849408972947e+00
1.198727980926990355e+01
7.437371110090303716e+00
1.688062924051017788e+01
9.018107687080117785e+00
4.324211124992425326e+00
4.324211124992425326e+00
4.324211124992425326e+00
5.030892907762526178e+00
1.029685857569245755e+01
1.688062924051017788e+01
9.238434243720581307e+00
9.902320849408972947e+00
4.324211124992425326e+00
4.324211124992425326e+00
4.324211124992425326e+00
7.437371110090303716e+00
7.865995683332586808e+00
9.018107687080117785e+00
4.324211124992425326e+00
4.324211124992425326e+00
4.324211124992425326e+00
1.498217936267152695e+01
1.236163814370187808e+01
4.324211124992425326e+00
1.969198209837746916e+01
1.484688896179352824e+01
9.594128395847000945e+00
9.594128395847000945e+00
1.364449918666316464e+01
4.324211124992425326e+00
1.460564454073762519e+01
1.785204052262121621e+01
1.851592712830960963e+01
1.167032824653554357e+01
1.167032824653554357e+01
1.307723758706867301e+01
1.834320325499860260e+01
1.403838294114313001e+01
1.728477892302672814e+01
1.794866552871511800e+01
1.110306664694105194e+01
1.110306664694105194e+01
4.324211124992425326e+00
7.437371110090303716e+00
7.865995683332586808e+00
9.018107687080117785e+00
4.324211124992425326e+00
4.324211124992425326e+00
4.324211124992425326e+00
4.324211124992425326e+00
7.437371110090303716e+00
7.865995683332586808e+00
9.018107687080117785e+00
4.324211124992425326e+00
4.324211124992425326e+00
4.324211124992425326e+00
4.324211124992425326e+00
7.437371110090303716e+00
7.865995683332586808e+00
9.018107687080117785e+00
4.324211124992425326e+00
4.324211124992425326e+00
4.324211124992425326e+00
4.324211124992425326e+00
7.437371110090303716e+00
7.865995683332586808e+00
9.018107687080117785e+00
5.030892907762526178e+00
4.324211124992425326e+00
4.324211124992425326e+00
1.498217936267152695e+01
1.236163814370187808e+01
4.324211124992425326e+00
1.969198209837746916e+01
1.484688896179352824e+01
9.594128395847000945e+00
9.594128395847000945e+00
1.364449918666316464e+01
4.324211124992425326e+00
1.460564454073762519e+01
1.785204052262121621e+01
1.851592712830960963e+01
1.167032824653554357e+01
1.167032824653554357e+01
1.307723758706867301e+01
1.834320325499860260e+01
1.403838294114313001e+01
1.728477892302672814e+01
1.794866552871511800e+01
1.110306664694105194e+01
1.110306664694105194e+01
5.030892907762526178e+00
1.029685857569245755e+01
5.992038261836986734e+00
9.238434243720581307e+00
9.902320849408972947e+00
4.324211124992425326e+00
4.324211124992425326e+00
4.324211124992425326e+00
7.437371110090303716e+00
7.865995683332586808e+00
9.018107687080117785e+00
4.324211124992425326e+00
4.324211124992425326e+00
4.324211124992425326e+00
4.324211124992425326e+00
7.437371110090303716e+00
7.865995683332586808e+00
9.018107687080117785e+00
4.324211124992425326e+00
4.324211124992425326e+00
4.324211124992425326e+00
9.096083348828896575e+00
4.324211124992425326e+00
nan
2.708066997803338261e+00
7.437371110090303716e+00
1.238181753555338815e+01
2.708066997803338261e+00
2.708066997803338261e+00
1.231477363700331651e+01
1.045734859960420948e+01
nan
2.708066997803338261e+00
9.441932512719912296e+00
1.132339320358151369e+01
2.708066997803338261e+00
2.708066997803338261e+00
1.226634209323567681e+01
1.943526015547946351e+00
2.708066997803338261e+00
2.708066997803338261e+00
6.317421638084013580e+00
4.324211124992425326e+00
2.708066997803338261e+00
2.708066997803338261e+00
6.317421638084013580e+00
4.324211124992425326e+00
2.708066997803338261e+00
2.708066997803338261e+00
1.296507932726102297e+01
9.086598841767520085e+00
1.286596463710129257e+01
5.019520310684615794e+00
1.653880864044365495e+01
9.613062076809015366e+00
1.643969395028392100e+01
8.272262357679581513e+00
1.661520437712515275e+01
1.285501573868085146e+01
1.651608968696541879e+01
6.270138848713481039e+00
1.748124898110245340e+01
1.215022379411038678e+01
2.387130592404152196e+01
6.351119815298649662e+00
1.539862358507093631e+01
1.509736700799821918e+01
1.529950889491120591e+01
1.444077498008972782e+01
1.006774410245349571e+01
5.492002831310774269e+00
9.968629412293765313e+00
5.492002831310774269e+00
1.006774410245349571e+01
5.492002831310774269e+00
9.968629412293765313e+00
5.492002831310774269e+00
1.296507932726102297e+01
9.086598841767520085e+00
1.286596463710129257e+01
5.019520310684615794e+00
1.653880864044365495e+01
9.613062076809015366e+00
1.643969395028392100e+01
8.272262357679581513e+00
1.661520437712515275e+01
1.285501573868085146e+01
1.651608968696541879e+01
6.270138848713481039e+00
1.748124898110245340e+01
1.215022379411038678e+01
1.738213429094272300e+01
6.351119815298649662e+00
1.539862358507093631e+01
1.509736700799821918e+01
1.529950889491120591e+01
1.554144321286087660e+01
1.006774410245349571e+01
5.492002831310774269e+00
9.968629412293765313e+00
5.492002831310774269e+00
1.006774410245349571e+01
5.492002831310774269e+00
9.968629412293765313e+00
5.492002831310774269e+00
1.296507932726102297e+01
9.086598841767520085e+00
1.286596463710129257e+01
5.019520310684615794e+00
1.653880864044365495e+01
9.613062076809015366e+00
1.643969395028392100e+01
8.272262357679581513e+00
1.661520437712515275e+01
1.285501573868085146e+01
1.651608968696541879e+01
6.270138848713481039e+00
1.748124898110245340e+01
1.215022379411038678e+01
1.738213429094272300e+01
6.351119815298649662e+00
1.539862358507093631e+01
1.391801984795578662e+01
1.529950889491120591e+01
1.233724945602601331e+01
1.006774410245349571e+01
5.492002831310774269e+00
9.968629412293765313e+00
5.492002831310774269e+00
1.006774410245349571e+01
5.492002831310774269e+00
9.968629412293765313e+00
5.492002831310774269e+00
inf
2.708066997803338261e+00
1.435493321482788076e+01
4.324211124992425326e+00
1.558988391497960535e+01
1.065692894430849691e+01
1.518572452132091044e+01
8.624365113724243415e+00
1.240809490460797448e+01
6.602377955346323546e+00
1.470142461865135175e+01
7.749018362810579319e+00
1.714650724656262781e+01
1.414716280480570454e+01
2.251606847599649797e+01
1.404013768355578051e+01
1.341191404496706774e+01
4.324211124992425326e+00
1.767097533941256060e+01
9.902320849408972947e+00
1.038339622998763012e+01
4.324211124992425326e+00
1.241821477346603331e+01
4.324211124992425326e+00
1.038339622998763012e+01
4.324211124992425326e+00
1.241821477346603331e+01
5.030892907762526178e+00
inf
5.019520310684615794e+00
1.435493321482788076e+01
4.158599716683867520e+00
1.558988391497960535e+01
1.065692894430849691e+01
1.518572452132091044e+01
8.624365113724243415e+00
1.240809490460797448e+01
6.602377955346323546e+00
1.470142461865135175e+01
7.749018362810579319e+00
1.714650724656262781e+01
1.414716280480570454e+01
2.251606847599649797e+01
1.404013768355578051e+01
1.341191404496706774e+01
9.141362752309753148e+00
1.767097533941256060e+01
5.361439872453269473e+00
1.038339622998763012e+01
5.361439872453269473e+00
1.241821477346603331e+01
5.361439872453269473e+00
1.038339622998763012e+01
5.361439872453269473e+00
1.241821477346603331e+01
5.361439872453269473e+00
inf
5.019520310684615794e+00
1.435493321482788076e+01
4.158599716683867520e+00
1.558988391497960535e+01
1.065692894430849691e+01
1.518572452132091044e+01
8.624365113724243415e+00
1.240809490460797448e+01
6.602377955346323546e+00
1.470142461865135175e+01
7.749018362810579319e+00
1.714650724656262781e+01
1.414716280480570454e+01
2.251606847599649797e+01
1.404013768355578051e+01
1.341191404496706774e+01
9.141362752309753148e+00
1.767097533941256060e+01
5.361439872453269473e+00
1.038339622998763012e+01
5.361439872453269473e+00
1.241821477346603331e+01
5.361439872453269473e+00
1.038339622998763012e+01
5.361439872453269473e+00
1.241821477346603331e+01
5.361439872453269473e+00
inf
5.019520310684615794e+00
1.435493321482788076e+01
4.158599716683867520e+00
1.558988391497960535e+01
1.065692894430849691e+01
1.518572452132091044e+01
8.624365113724243415e+00
1.240809490460797448e+01
6.602377955346323546e+00
1.470142461865135175e+01
7.749018362810579319e+00
1.714650724656262781e+01
1.414716280480570454e+01
2.251606847599649797e+01
1.404013768355578051e+01
1.341191404496706774e+01
9.141362752309753148e+00
1.767097533941256060e+01
5.361439872453269473e+00
1.038339622998763012e+01
5.361439872453269473e+00
1.241821477346603331e+01
5.361439872453269473e+00
1.038339622998763012e+01
5.361439872453269473e+00
1.241821477346603331e+01
5.361439872453269473e+00
inf
2.708066997803338261e+00
1.580851827100791951e+01
4.324211124992425326e+00
1.558988391497960535e+01
1.065692894430849691e+01
1.515042032631086144e+01
1.265318412895333644e+01
1.240809490460797448e+01
6.602377955346323546e+00
1.593325525203279902e+01
1.314903509025779726e+01
1.714650724656262781e+01
1.414716280480570454e+01
1.840013414335933106e+01
1.223402883002132491e+01
1.341191404496706774e+01
4.324211124992425326e+00
2.091653656322926125e+01
4.324211124992425326e+00
1.038339622998763012e+01
4.324211124992425326e+00
1.141759732702510455e+01
4.324211124992425326e+00
1.038339622998763012e+01
4.324211124992425326e+00
1.141759732702510455e+01
1.943526015547946351e+00
inf
5.019520310684615794e+00
1.580851827100791951e+01
9.086598841767520085e+00
1.558988391497960535e+01
1.065692894430849691e+01
1.515042032631086144e+01
1.265318412895333644e+01
1.240809490460797448e+01
6.602377955346323546e+00
1.593325525203279902e+01
1.314903509025779726e+01
1.714650724656262781e+01
1.414716280480570454e+01
1.840013414335933106e+01
1.223402883002132491e+01
1.341191404496706774e+01
9.141362752309753148e+00
2.091653656322926125e+01
1.618354942472418045e+01
1.038339622998763012e+01
5.361439872453269473e+00
1.141759732702510455e+01
1.172883392343926445e+01
1.038339622998763012e+01
5.361439872453269473e+00
1.141759732702510455e+01
1.172883392343926445e+01
inf
5.019520310684615794e+00
1.580851827100791951e+01
9.086598841767520085e+00
1.558988391497960535e+01
1.065692894430849691e+01
1.515042032631086144e+01
1.265318412895333644e+01
1.240809490460797448e+01
6.602377955346323546e+00
1.593325525203279902e+01
1.314903509025779726e+01
1.714650724656262781e+01
1.414716280480570454e+01
1.840013414335933106e+01
1.223402883002132491e+01
1.341191404496706774e+01
9.141362752309753148e+00
2.091653656322926125e+01
2.101375764151655190e+01
1.038339622998763012e+01
5.361439872453269473e+00
1.141759732702510455e+01
1.358408458401314611e+01
1.038339622998763012e+01
5.361439872453269473e+00
1.141759732702510455e+01
1.358408458401314611e+01
inf
5.019520310684615794e+00
1.580851827100791951e+01
9.086598841767520085e+00
1.558988391497960535e+01
1.065692894430849691e+01
1.515042032631086144e+01
1.265318412895333644e+01
1.240809490460797448e+01
6.602377955346323546e+00
1.593325525203279902e+01
1.314903509025779726e+01
1.714650724656262781e+01
1.414716280480570454e+01
1.840013414335933106e+01
1.223402883002132491e+01
1.341191404496706774e+01
9.141362752309753148e+00
2.091653656322926125e+01
2.101375764151655190e+01
1.038339622998763012e+01
5.361439872453269473e+00
1.141759732702510455e+01
1.358408458401314611e+01
1.038339622998763012e+01
5.361439872453269473e+00
1.141759732702510455e+01
1.358408458401314611e+01
1.029685857569245755e+01
1.498217936267152695e+01
1.236163814370187808e+01
5.030892907762526178e+00
1.969198209837746916e+01
1.484688896179352824e+01
9.594128395847000945e+00
9.594128395847000945e+00
7.437371110090303716e+00
7.437371110090303716e+00
7.437371110090303716e+00
1.676246667800878853e+01
1.676246667800878853e+01
1.676246667800878853e+01
1.676246667800878853e+01
4.904182109143025770e+00
4.904182109143025770e+00
4.904182109143025770e+00
4.904182109143025770e+00
1.570404234603691052e+01
1.570404234603691052e+01
1.570404234603691052e+01
1.570404234603691052e+01
7.437371110090303716e+00
1.498217936267152695e+01
1.236163814370187808e+01
9.902320849408972947e+00
1.969198209837746916e+01
1.484688896179352824e+01
9.594128395847000945e+00
9.594128395847000945e+00
7.437371110090303716e+00
7.437371110090303716e+00
7.437371110090303716e+00
1.029685857569245755e+01
7.437371110090303716e+00
1.498217936267152695e+01
1.236163814370187808e+01
4.324211124992425326e+00
1.969198209837746916e+01
1.484688896179352824e+01
9.594128395847000945e+00
9.594128395847000945e+00
7.437371110090303716e+00
7.437371110090303716e+00
7.437371110090303716e+00
7.437371110090303716e+00
7.437371110090303716e+00
1.498217936267152695e+01
1.236163814370187808e+01
4.324211124992425326e+00
1.969198209837746916e+01
1.484688896179352824e+01
9.594128395847000945e+00
9.594128395847000945e+00
1.029685857569245755e+01
7.437371110090303716e+00
7.437371110090303716e+00
1.029685857569245755e+01
1.498217936267152695e+01
1.236163814370187808e+01
5.030892907762526178e+00
1.969198209837746916e+01
1.484688896179352824e+01
9.594128395847000945e+00
9.594128395847000945e+00
7.437371110090303716e+00
7.437371110090303716e+00
7.437371110090303716e+00
1.676246667800878853e+01
1.676246667800878853e+01
1.676246667800878853e+01
1.676246667800878853e+01
4.904182109143025770e+00
4.904182109143025770e+00
4.904182109143025770e+00
4.904182109143025770e+00
1.570404234603691052e+01
1.570404234603691052e+01
1.570404234603691052e+01
1.570404234603691052e+01
7.437371110090303716e+00
1.498217936267152695e+01
1.236163814370187808e+01
9.902320849408972947e+00
1.969198209837746916e+01
1.484688896179352824e+01
9.594128395847000945e+00
9.594128395847000945e+00
7.437371110090303716e+00
7.437371110090303716e+00
7.437371110090303716e+00
1.029685857569245755e+01
7.437371110090303716e+00
1.498217936267152695e+01
1.236163814370187808e+01
4.324211124992425326e+00
1.969198209837746916e+01
1.484688896179352824e+01
9.594128395847000945e+00
9.594128395847000945e+00
7.437371110090303716e+00
7.437371110090303716e+00
7.437371110090303716e+00
7.437371110090303716e+00
7.437371110090303716e+00
1.498217936267152695e+01
1.236163814370187808e+01
4.324211124992425326e+00
1.969198209837746916e+01
1.484688896179352824e+01
9.594128395847000945e+00
9.594128395847000945e+00
1.029685857569245755e+01
7.437371110090303716e+00
7.437371110090303716e+00
9.096083348828896575e+00
nan
7.437371110090303716e+00
2.708066997803338261e+00
1.231477363700331651e+01
nan
9.441932512719912296e+00
2.708066997803338261e+00
1.226634209323567681e+01
2.708066997803338261e+00
6.317421638084013580e+00
2.708066997803338261e+00
6.317421638084013580e+00
2.708066997803338261e+00
